 #Total number of fault_segments=           1
#Fault_segment =   1 nx(Along-strike)= 28 Dx = 10.00km ny(downdip)=   6 Dy =  5.00km
#Boundary of Fault_segment    1. EQ in cell ( 4, 4). Lon:  -68.5277   Lat:   10.4360
 #Lon.  Lat.  Depth
  -68.8346939       10.4526396       5.90002537    
  -68.8301315       10.3894949       29.8899822    
  -66.3048096       10.5658455       29.8899822    
  -66.3093719       10.6289902       5.90002537    
  -68.8346939       10.4526396       5.90002537    
 #Lat. Lon. depth slip rake strike dip t_rup t_ris t_fal mo
     10.452640    -68.834694      5.900025      6.818664    192.347290     85.938400     73.657799     13.978935      3.000000      3.000000  0.120164E+25
     10.459014    -68.743416      5.900025     15.975146    192.558502     85.938400     73.657799     10.928572      3.000000      3.000000  0.281528E+25
     10.465388    -68.652138      5.900025     16.348125    182.305588     85.938400     73.657799      7.838484      1.000000      3.000000  0.288101E+25
     10.471763    -68.560860      5.900025     38.142586    200.811768     85.938400     73.657799      6.557143      5.000000      1.000000  0.672182E+25
     10.478136    -68.469582      5.900025     25.622904    187.846039     85.938400     73.657799      7.838484      9.000000      9.000000  0.451549E+25
     10.484510    -68.378311      5.900025     21.564774    186.495178     85.938400     73.657799     10.528572      9.000000      7.000000  0.380033E+25
     10.490885    -68.287033      5.900025     42.522251    201.534668     85.938400     73.657799     14.178935      1.000000      1.000000  0.749365E+25
     10.497259    -68.195755      5.900025     47.471043    174.696381     85.938400     73.657799     17.257149     13.000000      5.000000  0.836577E+25
     10.503633    -68.104477      5.900025     80.878311    166.654282     85.938400     73.657799     19.843405      5.000000      3.000000  0.142531E+26
     10.510007    -68.013199      5.900025     76.452248    171.055161     85.938400     73.657799     23.288067      3.000000      7.000000  0.134731E+26
     10.516381    -67.921921      5.900025     98.637177    170.833664     85.938400     73.657799     26.367537     13.000000      9.000000  0.173827E+26
     10.522755    -67.830650      5.900025    109.076836    164.639420     85.938400     73.657799     29.269323      1.000000      1.000000  0.192225E+26
     10.529129    -67.739372      5.900025    114.847977    183.372437     85.938400     73.657799     32.586227      3.000000      3.000000  0.202395E+26
     10.535503    -67.648094      5.900025    129.347794    197.452896     85.938400     73.657799     36.313839      3.000000      1.000000  0.227948E+26
     10.541878    -67.556816      5.900025    122.368896    199.173203     85.938400     73.657799     40.049294      5.000000      1.000000  0.215649E+26
     10.548251    -67.465538      5.900025    109.099243    181.932404     85.938400     73.657799     43.790665      7.000000      5.000000  0.192264E+26
     10.554626    -67.374268      5.900025    113.570801    200.205902     85.938400     73.657799     47.536613      5.000000      7.000000  0.200144E+26
     10.561000    -67.282990      5.900025    112.918030    203.081726     85.938400     73.657799     52.086170      1.000000      1.000000  0.198994E+26
     10.567374    -67.191711      5.900025     69.469063    167.347305     85.938400     73.657799     57.638618      5.000000      1.000000  0.122424E+26
     10.573748    -67.100433      5.900025     33.698898    173.590576     85.938400     73.657799     63.793427      1.000000      1.000000  0.593872E+25
     10.580122    -67.009155      5.900025      9.715689    178.083710     85.938400     73.657799     69.950172      5.000000     15.000000  0.171218E+25
     10.586496    -66.917877      5.900025      1.253445    200.329834     85.938400     73.657799     75.708542      5.000000      3.000000  0.220893E+24
     10.592870    -66.826607      5.900025      2.596184    168.345963     85.938400     73.657799     80.868286     13.000000     11.000000  0.457522E+24
     10.599244    -66.735329      5.900025      2.498201    200.278900     85.938400     73.657799     84.229179     13.000000     11.000000  0.440255E+24
     10.605618    -66.644051      5.900025     10.236200    173.618423     85.938400     73.657799     86.591087      7.000000      9.000000  0.180391E+25
     10.611993    -66.552773      5.900025     20.757677    195.327118     85.938400     73.657799     87.353844      1.000000      7.000000  0.365810E+25
     10.618366    -66.461494      5.900025     12.219629    198.698380     85.938400     73.657799     88.917358      1.000000      5.000000  0.215345E+25
     10.624741    -66.370224      5.900025      1.369271    170.240402     85.938400     73.657799     91.881531      9.000000      5.000000  0.241305E+24
     10.440011    -68.833778     10.698017      8.270769    195.395493     85.938400     73.657799     13.693850     13.000000      3.000000  0.145755E+25
     10.446385    -68.742500     10.698017     18.965700    190.866409     85.938400     73.657799      9.985957      7.000000     15.000000  0.334230E+25
     10.452759    -68.651222     10.698017     36.773975    186.700562     85.938400     73.657799      6.250763      1.000000      3.000000  0.648063E+25
     10.459133    -68.559952     10.698017     67.503090    190.534164     85.938400     73.657799      4.571428      5.000000      5.000000  0.118960E+26
     10.465508    -68.468674     10.698017     45.882126    190.465149     85.938400     73.657799      6.050763      7.000000      9.000000  0.808575E+25
     10.471882    -68.377396     10.698017     56.355450    177.085327     85.938400     73.657799      9.585958      9.000000      3.000000  0.993145E+25
     10.478255    -68.286118     10.698017     74.306587    193.022903     85.938400     73.657799     13.293849      1.000000      5.000000  0.130950E+26
     10.484630    -68.194839     10.698017     69.329620    179.210861     85.938400     73.657799     16.525377      1.000000      1.000000  0.122179E+26
     10.491004    -68.103569     10.698017    110.698837    166.825241     85.938400     73.657799     19.610785      3.000000      3.000000  0.195083E+26
     10.497378    -68.012291     10.698017    127.918320    168.654709     85.938400     73.657799     22.924152      5.000000      3.000000  0.225429E+26
     10.503752    -67.921013     10.698017    167.770660    167.373093     85.938400     73.657799     26.253813      1.000000      3.000000  0.295660E+26
     10.510126    -67.829735     10.698017    193.666794    166.592316     85.938400     73.657799     29.593777      5.000000      5.000000  0.341297E+26
     10.516500    -67.738457     10.698017    210.147614    175.989029     85.938400     73.657799     32.740662      5.000000      3.000000  0.370341E+26
     10.522874    -67.647179     10.698017    211.153488    188.896698     85.938400     73.657799     36.092415      1.000000      3.000000  0.372113E+26
     10.529248    -67.555908     10.698017    184.235718    188.857773     85.938400     73.657799     39.647720      3.000000      5.000000  0.324676E+26
     10.535623    -67.464630     10.698017    178.194092    186.803253     85.938400     73.657799     43.005695      1.000000      1.000000  0.314029E+26
     10.541997    -67.373352     10.698017    180.151840    204.331314     85.938400     73.657799     47.165730      9.000000      1.000000  0.317479E+26
     10.548370    -67.282074     10.698017    146.641464    204.357330     85.938400     73.657799     51.527390      3.000000      1.000000  0.258424E+26
     10.554745    -67.190796     10.698017    101.790810    170.344009     85.938400     73.657799     57.090347      5.000000      7.000000  0.179385E+26
     10.561119    -67.099525     10.698017     77.778687    178.727219     85.938400     73.657799     63.054356      1.000000      1.000000  0.137068E+26
     10.567493    -67.008247     10.698017     36.665867    204.189987     85.938400     73.657799     69.419235      9.000000      5.000000  0.646158E+25
     10.573867    -66.916969     10.698017      8.907516    189.250641     85.938400     73.657799     75.384842     13.000000      9.000000  0.156976E+25
     10.580241    -66.825691     10.698017      2.256689    175.166473     85.938400     73.657799     80.151062     15.000000      5.000000  0.397693E+24
     10.586616    -66.734413     10.698017     20.615833    165.645096     85.938400     73.657799     83.517799      3.000000      1.000000  0.363310E+25
     10.592989    -66.643135     10.698017     48.369541    177.834702     85.938400     73.657799     85.884987      3.000000      3.000000  0.852411E+25
     10.599363    -66.551865     10.698017     43.185783    191.306549     85.938400     73.657799     86.852554      1.000000      5.000000  0.761058E+25
     10.605738    -66.460587     10.698017     27.493483    198.890106     85.938400     73.657799     88.820457      1.000000      1.000000  0.484514E+25
     10.612112    -66.369308     10.698017      2.927395    185.108597     85.938400     73.657799     91.988655     13.000000     13.000000  0.515891E+24
     10.427382    -68.832870     15.496009     32.020439    170.406601     85.938400     73.657799     12.862076      5.000000      9.000000  0.690612E+25
     10.433756    -68.741592     15.496009     46.105316    185.924545     85.938400     73.657799      8.562689      1.000000      7.000000  0.994393E+25
     10.440130    -68.650314     15.496009     78.693680    178.528641     85.938400     73.657799      4.192978     13.000000      5.000000  0.169725E+26
     10.446505    -68.559036     15.496009     77.639290    196.739761     85.938400     73.657799      1.985714     11.000000      1.000000  0.167451E+26
     10.452878    -68.467758     15.496009     75.471313    197.260864     85.938400     73.657799      4.192978      1.000000      3.000000  0.162775E+26
     10.459252    -68.376488     15.496009     81.968323    190.583603     85.938400     73.657799      8.362688      1.000000     11.000000  0.176788E+26
     10.465627    -68.285210     15.496009     83.428329    195.315475     85.938400     73.657799     12.662076      1.000000     11.000000  0.179937E+26
     10.472001    -68.193932     15.496009     92.901909    181.626038     85.938400     73.657799     15.396889      1.000000     11.000000  0.200370E+26
     10.478374    -68.102654     15.496009    128.931808    180.169983     85.938400     73.657799     18.746206      3.000000      1.000000  0.278078E+26
     10.484749    -68.011375     15.496009    149.832611    179.491135     85.938400     73.657799     22.502848      3.000000      1.000000  0.323157E+26
     10.491123    -67.920097     15.496009    178.775391    173.841583     85.938400     73.657799     25.663694      3.000000      5.000000  0.385580E+26
     10.497498    -67.828827     15.496009    214.611435    165.601242     85.938400     73.657799     28.827179      1.000000      1.000000  0.462871E+26
     10.503871    -67.737549     15.496009    225.074417    173.651337     85.938400     73.657799     32.592422      1.000000      5.000000  0.485437E+26
     10.510245    -67.646271     15.496009    226.176102    178.994415     85.938400     73.657799     35.958900      1.000000      7.000000  0.487813E+26
     10.516620    -67.554993     15.496009    202.240982    171.656387     85.938400     73.657799     39.326279      1.000000      5.000000  0.436191E+26
     10.522993    -67.463715     15.496009    189.338776    175.921234     85.938400     73.657799     43.294331      5.000000      5.000000  0.408363E+26
     10.529367    -67.372444     15.496009    151.470276    196.729385     85.938400     73.657799     47.462898      7.000000      3.000000  0.326689E+26
     10.535742    -67.281166     15.496009    134.239929    195.912430     85.938400     73.657799     51.831879      1.000000      3.000000  0.289527E+26
     10.542116    -67.189888     15.496009    132.542145    167.599197     85.938400     73.657799     57.401180      5.000000      3.000000  0.285865E+26
     10.548490    -67.098610     15.496009    121.162117    172.154510     85.938400     73.657799     62.570755      1.000000      1.000000  0.261321E+26
     10.554864    -67.007332     15.496009     64.962906    203.968597     85.938400     73.657799     68.740540     11.000000      1.000000  0.140111E+26
     10.561238    -66.916054     15.496009     23.659122    199.249954     85.938400     73.657799     74.510506      3.000000      1.000000  0.510277E+25
     10.567612    -66.824783     15.496009      3.015148    191.117676     85.938400     73.657799     79.480637      1.000000     11.000000  0.650303E+24
     10.573986    -66.733505     15.496009     41.888557    164.702499     85.938400     73.657799     82.850891      5.000000      3.000000  0.903446E+25
     10.580360    -66.642227     15.496009     71.078156    171.364853     85.938400     73.657799     85.421257      1.000000      1.000000  0.153300E+26
     10.586735    -66.550949     15.496009     67.084755    174.325165     85.938400     73.657799     86.591721      1.000000      3.000000  0.144687E+26
     10.593108    -66.459671     15.496009     44.055271    201.902176     85.938400     73.657799     88.962265      1.000000      1.000000  0.950178E+25
     10.599483    -66.368393     15.496009      4.620863    186.308426     85.938400     73.657799     92.532890     13.000000      3.000000  0.996621E+24
     10.414753    -68.831955     20.294001     25.108278    191.076385     85.938400     73.657799     11.714286      5.000000     13.000000  0.541532E+25
     10.421127    -68.740677     20.294001     43.123859    171.624313     85.938400     73.657799      7.542857      5.000000     13.000000  0.930089E+25
     10.427502    -68.649399     20.294001     47.507832    200.609116     85.938400     73.657799      3.571429      1.000000      1.000000  0.102464E+26
     10.433875    -68.558128     20.294001     73.038780    203.500381     85.938400     73.657799      0.000000      1.000000      1.000000  0.157529E+26
     10.440249    -68.466850     20.294001     81.012558    191.143921     85.938400     73.657799      4.371428     13.000000      3.000000  0.174727E+26
     10.446624    -68.375572     20.294001     86.246986    184.071640     85.938400     73.657799      8.742857      5.000000     15.000000  0.186016E+26
     10.452997    -68.284294     20.294001    106.491920    202.541397     85.938400     73.657799     12.714286      9.000000      7.000000  0.229680E+26
     10.459372    -68.193016     20.294001    101.427780    187.689911     85.938400     73.657799     15.685714      1.000000      1.000000  0.218758E+26
     10.465746    -68.101746     20.294001    122.212143    197.952820     85.938400     73.657799     18.857143     11.000000      1.000000  0.263585E+26
     10.472120    -68.010468     20.294001    156.260315    193.110977     85.938400     73.657799     22.228571      3.000000      9.000000  0.337020E+26
     10.478494    -67.919189     20.294001    173.336700    191.487183     85.938400     73.657799     25.400000      5.000000      5.000000  0.373850E+26
     10.484868    -67.827911     20.294001    181.525818    182.829041     85.938400     73.657799     28.771429      3.000000      9.000000  0.391512E+26
     10.491242    -67.736633     20.294001    218.165176    174.906662     85.938400     73.657799     32.542858      5.000000      1.000000  0.470536E+26
     10.497616    -67.645355     20.294001    207.419189    171.336075     85.938400     73.657799     35.914288      7.000000      5.000000  0.447359E+26
     10.503990    -67.554085     20.294001    191.341110    167.610031     85.938400     73.657799     39.685715      5.000000      5.000000  0.412682E+26
     10.510365    -67.462807     20.294001    156.855301    167.075272     85.938400     73.657799     43.657143     13.000000      9.000000  0.338303E+26
     10.516739    -67.371529     20.294001    109.792343    169.625320     85.938400     73.657799     47.628571      1.000000      7.000000  0.236799E+26
     10.523112    -67.280251     20.294001    100.168709    167.493332     85.938400     73.657799     52.400002      3.000000      7.000000  0.216042E+26
     10.529487    -67.188972     20.294001    154.173080    165.095703     85.938400     73.657799     57.571430      1.000000      5.000000  0.332518E+26
     10.535861    -67.097702     20.294001    139.006348    168.157059     85.938400     73.657799     62.542858      1.000000      1.000000  0.299807E+26
     10.542235    -67.006424     20.294001     79.412880    204.287872     85.938400     73.657799     68.514290     11.000000      1.000000  0.171277E+26
     10.548609    -66.915146     20.294001     55.849445    204.426041     85.938400     73.657799     73.885712      1.000000      5.000000  0.120455E+26
     10.554983    -66.823868     20.294001      0.354202    188.146469     85.938400     73.657799     78.657143     13.000000      3.000000  0.763938E+23
     10.561357    -66.732590     20.294001     19.558485    165.555084     85.938400     73.657799     81.828575      7.000000      1.000000  0.421835E+25
     10.567731    -66.641312     20.294001     41.937057    167.830658     85.938400     73.657799     84.599998      1.000000      5.000000  0.904493E+25
     10.574105    -66.550041     20.294001     46.121281    164.552704     85.938400     73.657799     87.171425      1.000000      1.000000  0.994737E+25
     10.580480    -66.458763     20.294001      8.261979    186.485458     85.938400     73.657799     89.942863     15.000000     11.000000  0.178193E+25
     10.586854    -66.367485     20.294001      0.877235    168.573624     85.938400     73.657799     93.314285      3.000000      9.000000  0.189201E+24
     10.402124    -68.831047     25.091991     14.950092    199.340332     85.938400     73.657799     11.462076      9.000000      9.000000  0.418830E+25
     10.408498    -68.739769     25.091991     27.950855    171.123306     85.938400     73.657799      7.762689      7.000000      1.000000  0.783050E+25
     10.414872    -68.648491     25.091991     35.832851    194.336029     85.938400     73.657799      4.792979     15.000000      1.000000  0.100387E+26
     10.421247    -68.557213     25.091991     51.314690    200.810242     85.938400     73.657799      2.785714      1.000000      3.000000  0.143759E+26
     10.427620    -68.465935     25.091991     54.479237    191.191574     85.938400     73.657799      5.992979     13.000000     11.000000  0.152625E+26
     10.433994    -68.374657     25.091991     56.202515    168.879913     85.938400     73.657799     10.362688      5.000000      7.000000  0.157453E+26
     10.440369    -68.283386     25.091991     87.351807    192.333862     85.938400     73.657799     13.662076      5.000000      9.000000  0.244718E+26
     10.446743    -68.192108     25.091991    101.896912    171.372055     85.938400     73.657799     16.196888      5.000000      1.000000  0.285467E+26
     10.453116    -68.100830     25.091991     90.081802    193.134979     85.938400     73.657799     18.946207      5.000000      5.000000  0.252366E+26
     10.459491    -68.009552     25.091991    114.841751    192.743759     85.938400     73.657799     21.902847      1.000000      3.000000  0.321732E+26
     10.465865    -67.918274     25.091991    120.294212    193.085861     85.938400     73.657799     25.063694      5.000000      3.000000  0.337007E+26
     10.472239    -67.827003     25.091991    132.608490    197.569794     85.938400     73.657799     29.027178      3.000000      5.000000  0.371506E+26
     10.478613    -67.735725     25.091991    157.186493    182.646454     85.938400     73.657799     32.392422      5.000000     13.000000  0.440362E+26
     10.484987    -67.644447     25.091991    173.994019    179.012177     85.938400     73.657799     35.758900      1.000000      5.000000  0.487449E+26
     10.491362    -67.553169     25.091991    144.718201    165.320709     85.938400     73.657799     39.926277      5.000000      1.000000  0.405432E+26
     10.497735    -67.461891     25.091991    128.088104    165.361313     85.938400     73.657799     43.894329     15.000000      3.000000  0.358842E+26
     10.504109    -67.370613     25.091991     87.315948    164.514267     85.938400     73.657799     48.462898      9.000000      7.000000  0.244618E+26
     10.510484    -67.279343     25.091991     86.704735    167.872162     85.938400     73.657799     52.431881      7.000000      1.000000  0.242905E+26
     10.516858    -67.188065     25.091991    129.384109    164.544617     85.938400     73.657799     57.201180      1.000000      1.000000  0.362473E+26
     10.523232    -67.096786     25.091991    132.162659    164.698425     85.938400     73.657799     61.970753      5.000000      3.000000  0.370257E+26
     10.529606    -67.005508     25.091991     67.013885    192.831802     85.938400     73.657799     67.740540     13.000000      1.000000  0.187741E+26
     10.535980    -66.914230     25.091991     47.209560    202.403748     85.938400     73.657799     72.710510      5.000000      1.000000  0.132259E+26
     10.542355    -66.822960     25.091991      6.202504    164.629517     85.938400     73.657799     77.280640      7.000000      5.000000  0.173765E+25
     10.548728    -66.731682     25.091991      5.766049    168.178391     85.938400     73.657799     81.050888     13.000000      9.000000  0.161537E+25
     10.555102    -66.640404     25.091991      5.355389    176.180298     85.938400     73.657799     84.621254     11.000000      5.000000  0.150033E+25
     10.561477    -66.549126     25.091991     13.715145    173.635590     85.938400     73.657799     87.591721      1.000000      1.000000  0.384233E+25
     10.567850    -66.457848     25.091991      5.338424    182.172058     85.938400     73.657799     90.362259     15.000000      1.000000  0.149557E+25
     10.574224    -66.366570     25.091991      2.196906    192.305710     85.938400     73.657799     93.932884      9.000000      5.000000  0.615469E+24
     10.389495    -68.830132     29.889982      4.457463    190.291840     85.938400     73.657799     11.493849     13.000000      7.000000  0.124877E+25
     10.395869    -68.738853     29.889982      8.658600    196.460632     85.938400     73.657799      8.785957      5.000000     15.000000  0.242573E+25
     10.402244    -68.647575     29.889982     13.669531    191.904846     85.938400     73.657799      6.650763      9.000000      1.000000  0.382955E+25
     10.408617    -68.556305     29.889982     33.611420    180.975021     85.938400     73.657799      5.971429     15.000000      7.000000  0.941632E+25
     10.414991    -68.465027     29.889982     43.295208    185.694336     85.938400     73.657799      8.250763     15.000000     11.000000  0.121293E+26
     10.421366    -68.373749     29.889982     37.628536    168.691910     85.938400     73.657799     11.185957      1.000000      5.000000  0.105417E+26
     10.427739    -68.282471     29.889982     44.334255    180.425430     85.938400     73.657799     14.293849      3.000000      7.000000  0.124204E+26
     10.434114    -68.191193     29.889982     57.076321    183.831192     85.938400     73.657799     16.725376      5.000000      9.000000  0.159901E+26
     10.440488    -68.099922     29.889982     57.632423    200.385498     85.938400     73.657799     19.010784      5.000000      1.000000  0.161459E+26
     10.446862    -68.008644     29.889982     55.215721    199.826431     85.938400     73.657799     22.124151      7.000000      1.000000  0.154688E+26
     10.453236    -67.917366     29.889982     68.903389    189.515717     85.938400     73.657799     25.253813      7.000000     15.000000  0.193035E+26
     10.459610    -67.826088     29.889982     74.064400    202.858887     85.938400     73.657799     29.593777      9.000000     11.000000  0.207493E+26
     10.465984    -67.734810     29.889982     80.504684    183.331055     85.938400     73.657799     32.740662     11.000000      3.000000  0.225536E+26
     10.472359    -67.643532     29.889982     90.158936    177.023605     85.938400     73.657799     35.892414      9.000000      1.000000  0.252582E+26
     10.478732    -67.552261     29.889982     77.706406    165.465515     85.938400     73.657799     39.647720      7.000000      1.000000  0.217696E+26
     10.485106    -67.460983     29.889982     65.333076    165.144852     85.938400     73.657799     44.205696      1.000000      1.000000  0.183032E+26
     10.491481    -67.369705     29.889982     55.417847    164.630493     85.938400     73.657799     48.765732      9.000000      5.000000  0.155254E+26
     10.497854    -67.278427     29.889982     65.017784    168.292099     85.938400     73.657799     53.327389     13.000000      3.000000  0.182149E+26
     10.504229    -67.187149     29.889982     86.299629    165.511002     85.938400     73.657799     57.690346     11.000000      1.000000  0.241771E+26
     10.510603    -67.095879     29.889982     84.730766    164.672379     85.938400     73.657799     62.054356      5.000000      1.000000  0.237375E+26
     10.516977    -67.004601     29.889982     39.379028    167.203979     85.938400     73.657799     66.819237      1.000000      1.000000  0.110321E+26
     10.523351    -66.913322     29.889982     28.157177    200.421509     85.938400     73.657799     71.984840      7.000000      1.000000  0.788830E+25
     10.529725    -66.822044     29.889982      8.660910    175.757614     85.938400     73.657799     76.351067      3.000000      5.000000  0.242638E+25
     10.536099    -66.730766     29.889982      5.558882    197.888855     85.938400     73.657799     80.517799      1.000000     13.000000  0.155733E+25
     10.542474    -66.639488     29.889982      2.113503    181.223907     85.938400     73.657799     84.284981      5.000000      3.000000  0.592103E+24
     10.548847    -66.548218     29.889982      6.874084    186.770050     85.938400     73.657799     88.052559      7.000000      7.000000  0.192579E+25
     10.555222    -66.456940     29.889982      9.055147    166.972290     85.938400     73.657799     91.020462      9.000000      9.000000  0.253682E+25
     10.561596    -66.365662     29.889982      3.408719    203.096588     85.938400     73.657799     94.588661      1.000000      7.000000  0.954961E+24
