 #Total number of fault_segments=           1
#Fault_segment =   1 nx(Along-strike)= 28 Dx = 10.00km ny(downdip)=   6 Dy =  5.00km
#Boundary of Fault_segment    1. EQ in cell ( 4, 4). Lon:  -68.5277   Lat:   10.4360
 #Lon.  Lat.  Depth
  -68.8346939       10.4526396       5.90002537    
  -68.8301315       10.3894949       29.8899822    
  -66.3048096       10.5658455       29.8899822    
  -66.3093719       10.6289902       5.90002537    
  -68.8346939       10.4526396       5.90002537    
 #Lat. Lon. depth slip rake strike dip t_rup t_ris t_fal mo
     10.452640    -68.834694      5.900025      2.263979    182.941193     85.938400     73.657799     15.578936      7.000000     13.000000  0.398978E+24
     10.459014    -68.743416      5.900025      1.949759    193.519150     85.938400     73.657799     12.528572      1.000000      1.000000  0.343604E+24
     10.465388    -68.652138      5.900025      4.747961    187.012177     85.938400     73.657799     10.038485      9.000000      1.000000  0.836727E+24
     10.471763    -68.560860      5.900025     30.381067    203.797638     85.938400     73.657799      8.957143      3.000000      3.000000  0.535402E+25
     10.478136    -68.469582      5.900025     36.878326    191.374130     85.938400     73.657799     11.038485      3.000000     11.000000  0.649902E+25
     10.484510    -68.378311      5.900025     43.940586    165.121719     85.938400     73.657799     14.728572      7.000000     15.000000  0.774360E+25
     10.490885    -68.287033      5.900025     49.237087    168.492981     85.938400     73.657799     18.378935     15.000000      3.000000  0.867699E+25
     10.497259    -68.195755      5.900025     59.478588    204.183807     85.938400     73.657799     22.257149      9.000000      9.000000  0.104818E+26
     10.503633    -68.104477      5.900025     54.228458    197.880081     85.938400     73.657799     26.043404      3.000000     13.000000  0.955662E+25
     10.510007    -68.013199      5.900025     66.548889    200.991119     85.938400     73.657799     29.288067     15.000000     11.000000  0.117278E+26
     10.516381    -67.921921      5.900025     79.824402    204.341354     85.938400     73.657799     31.767538      3.000000      9.000000  0.140674E+26
     10.522755    -67.830650      5.900025    112.609291    203.191177     85.938400     73.657799     34.469322      5.000000      1.000000  0.198450E+26
     10.529129    -67.739372      5.900025     88.898705    203.869751     85.938400     73.657799     38.186226      1.000000      1.000000  0.156665E+26
     10.535503    -67.648094      5.900025    101.008278    202.942291     85.938400     73.657799     41.713837      1.000000      5.000000  0.178006E+26
     10.541878    -67.556816      5.900025    127.211693    204.219131     85.938400     73.657799     44.849293     11.000000      7.000000  0.224184E+26
     10.548251    -67.465538      5.900025    109.258873    203.896576     85.938400     73.657799     47.590668      5.000000      5.000000  0.192546E+26
     10.554626    -67.374268      5.900025     70.196701    203.628311     85.938400     73.657799     49.136616      3.000000      3.000000  0.123707E+26
     10.561000    -67.282990      5.900025     71.399124    202.078918     85.938400     73.657799     51.486172      1.000000      3.000000  0.125826E+26
     10.567374    -67.191711      5.900025    121.037445    203.728790     85.938400     73.657799     53.838619      1.000000      1.000000  0.213303E+26
     10.573748    -67.100433      5.900025    142.261261    204.028030     85.938400     73.657799     60.593426      5.000000      1.000000  0.250705E+26
     10.580122    -67.009155      5.900025    104.061081    204.029556     85.938400     73.657799     68.750175     13.000000      3.000000  0.183386E+26
     10.586496    -66.917877      5.900025     82.862434    203.734528     85.938400     73.657799     76.508545     15.000000     15.000000  0.146027E+26
     10.592870    -66.826607      5.900025     47.669220    200.502014     85.938400     73.657799     83.468285      3.000000      7.000000  0.840069E+25
     10.599244    -66.735329      5.900025     29.208895    202.976028     85.938400     73.657799     88.029182      1.000000      5.000000  0.514745E+25
     10.605618    -66.644051      5.900025      4.679537    187.847382     85.938400     73.657799     92.391083      5.000000      1.000000  0.824669E+24
     10.611993    -66.552773      5.900025      2.200996    186.676041     85.938400     73.657799     95.953842      7.000000      9.000000  0.387879E+24
     10.618366    -66.461494      5.900025      2.421726    197.593323     85.938400     73.657799     98.717361      1.000000      9.000000  0.426778E+24
     10.624741    -66.370224      5.900025      1.880761    200.440155     85.938400     73.657799    102.281532      5.000000      5.000000  0.331444E+24
     10.440011    -68.833778     10.698017      0.533961    193.077225     85.938400     73.657799     13.893849      1.000000      7.000000  0.940994E+23
     10.446385    -68.742500     10.698017     10.538939    195.989532     85.938400     73.657799     10.585958      1.000000      1.000000  0.185726E+25
     10.452759    -68.651222     10.698017     34.335346    187.373215     85.938400     73.657799      7.450763      1.000000      1.000000  0.605088E+25
     10.459133    -68.559952     10.698017     63.915695    195.949783     85.938400     73.657799      6.371428      1.000000      3.000000  0.112638E+26
     10.465508    -68.468674     10.698017     72.910576    202.720657     85.938400     73.657799      8.650763      5.000000     11.000000  0.128489E+26
     10.471882    -68.377396     10.698017     75.128220    197.393600     85.938400     73.657799     13.185957      3.000000      1.000000  0.132398E+26
     10.478255    -68.286118     10.698017     55.292664    173.099045     85.938400     73.657799     17.493849     11.000000     15.000000  0.974416E+25
     10.484630    -68.194839     10.698017     41.661743    192.891754     85.938400     73.657799     21.325377     13.000000      1.000000  0.734200E+25
     10.491004    -68.103569     10.698017     61.217903    177.489807     85.938400     73.657799     25.210785      1.000000      3.000000  0.107884E+26
     10.497378    -68.012291     10.698017     44.652721    172.987488     85.938400     73.657799     28.124151      1.000000      1.000000  0.786909E+25
     10.503752    -67.921013     10.698017     39.280987    184.431702     85.938400     73.657799     30.853813     15.000000      9.000000  0.692244E+25
     10.510126    -67.829735     10.698017     49.741722    167.374191     85.938400     73.657799     33.793777      1.000000      5.000000  0.876592E+25
     10.516500    -67.738457     10.698017     10.630924    188.269257     85.938400     73.657799     37.140659      9.000000      1.000000  0.187347E+25
     10.522874    -67.647179     10.698017      3.041052    188.495178     85.938400     73.657799     40.092415      1.000000      1.000000  0.535921E+24
     10.529248    -67.555908     10.698017     55.929718    168.561157     85.938400     73.657799     43.447720      9.000000      3.000000  0.985643E+25
     10.535623    -67.464630     10.698017     79.920418    166.318207     85.938400     73.657799     46.805695      5.000000      1.000000  0.140843E+26
     10.541997    -67.373352     10.698017     76.798996    165.447800     85.938400     73.657799     48.765732     13.000000      5.000000  0.135342E+26
     10.548370    -67.282074     10.698017    105.913155    198.867218     85.938400     73.657799     51.127388      1.000000      3.000000  0.186649E+26
     10.554745    -67.190796     10.698017    107.758812    178.587402     85.938400     73.657799     54.490345     11.000000      1.000000  0.189902E+26
     10.561119    -67.099525     10.698017    109.108391    166.132034     85.938400     73.657799     60.654358      1.000000      5.000000  0.192280E+26
     10.567493    -67.008247     10.698017     87.793610    174.088242     85.938400     73.657799     68.419235      7.000000      1.000000  0.154718E+26
     10.573867    -66.916969     10.698017     76.278954    204.171082     85.938400     73.657799     75.984840      3.000000      1.000000  0.134425E+26
     10.580241    -66.825691     10.698017     70.793709    164.619568     85.938400     73.657799     82.551064      5.000000      1.000000  0.124759E+26
     10.586616    -66.734413     10.698017     30.674360    172.400711     85.938400     73.657799     87.717804      1.000000      1.000000  0.540571E+25
     10.592989    -66.643135     10.698017      4.703624    167.136841     85.938400     73.657799     92.284988      5.000000     11.000000  0.828914E+24
     10.599363    -66.551865     10.698017      6.160116    176.500702     85.938400     73.657799     95.652557      9.000000     11.000000  0.108559E+25
     10.605738    -66.460587     10.698017      2.639059    183.225845     85.938400     73.657799     98.420456      1.000000      7.000000  0.465078E+24
     10.612112    -66.369308     10.698017      7.962886    165.621262     85.938400     73.657799    101.388657     15.000000      1.000000  0.140329E+25
     10.427382    -68.832870     15.496009      3.238389    186.228287     85.938400     73.657799     13.262075      9.000000      1.000000  0.698451E+24
     10.433756    -68.741592     15.496009     11.783625    197.868515     85.938400     73.657799      9.762689      3.000000     13.000000  0.254148E+25
     10.440130    -68.650314     15.496009     41.687325    203.803024     85.938400     73.657799      5.392979      9.000000     11.000000  0.899106E+25
     10.446505    -68.559036     15.496009     55.057281    193.654861     85.938400     73.657799      2.985714      1.000000      3.000000  0.118747E+26
     10.452878    -68.467758     15.496009     68.343216    189.533798     85.938400     73.657799      6.392979     15.000000     11.000000  0.147402E+26
     10.459252    -68.376488     15.496009     88.451752    172.860260     85.938400     73.657799     11.362688      9.000000      3.000000  0.190771E+26
     10.465627    -68.285210     15.496009     65.236511    174.396088     85.938400     73.657799     15.662076      5.000000     11.000000  0.140701E+26
     10.472001    -68.193932     15.496009     71.589401    169.778488     85.938400     73.657799     19.796888     11.000000     13.000000  0.154403E+26
     10.478374    -68.102654     15.496009     80.640167    164.481094     85.938400     73.657799     23.346207     15.000000     11.000000  0.173924E+26
     10.484749    -68.011375     15.496009     88.347298    164.463531     85.938400     73.657799     26.702848      1.000000      5.000000  0.190546E+26
     10.491123    -67.920097     15.496009     96.297905    167.631439     85.938400     73.657799     29.263695      1.000000      1.000000  0.207694E+26
     10.497498    -67.828827     15.496009     98.034096    164.585236     85.938400     73.657799     32.627178      3.000000      7.000000  0.211439E+26
     10.503871    -67.737549     15.496009     68.981056    166.382385     85.938400     73.657799     35.392422      1.000000      9.000000  0.148777E+26
     10.510245    -67.646271     15.496009    101.887917    165.253998     85.938400     73.657799     38.158901      3.000000      5.000000  0.219750E+26
     10.516620    -67.554993     15.496009    154.174149    164.834381     85.938400     73.657799     41.726280      1.000000     11.000000  0.332521E+26
     10.522993    -67.463715     15.496009    195.798294    164.465775     85.938400     73.657799     45.294331      1.000000      5.000000  0.422295E+26
     10.529367    -67.372444     15.496009    151.068207    172.030792     85.938400     73.657799     48.262897      3.000000      1.000000  0.325822E+26
     10.535742    -67.281166     15.496009    137.643692    203.669159     85.938400     73.657799     50.831879      1.000000      5.000000  0.296868E+26
     10.542116    -67.189888     15.496009    129.988083    203.578278     85.938400     73.657799     53.801182      1.000000      1.000000  0.280356E+26
     10.548490    -67.098610     15.496009     84.619347    165.727173     85.938400     73.657799     60.570755      5.000000      1.000000  0.182506E+26
     10.554864    -67.007332     15.496009     42.648243    191.818726     85.938400     73.657799     68.340538     11.000000      5.000000  0.919831E+25
     10.561238    -66.916054     15.496009     76.265434    202.791656     85.938400     73.657799     75.310509      3.000000      1.000000  0.164488E+26
     10.567612    -66.824783     15.496009     60.593369    165.466644     85.938400     73.657799     81.280640      7.000000      1.000000  0.130687E+26
     10.573986    -66.733505     15.496009     16.976236    166.727417     85.938400     73.657799     86.250893      1.000000      1.000000  0.366141E+25
     10.580360    -66.642227     15.496009      1.765669    175.058228     85.938400     73.657799     90.821259      7.000000      1.000000  0.380817E+24
     10.586735    -66.550949     15.496009      1.410051    193.508087     85.938400     73.657799     94.191719      3.000000     15.000000  0.304118E+24
     10.593108    -66.459671     15.496009      0.166436    184.217422     85.938400     73.657799     97.162262     15.000000     15.000000  0.358968E+23
     10.599483    -66.368393     15.496009      4.895579    165.722641     85.938400     73.657799    100.332886     15.000000     13.000000  0.105587E+25
     10.414753    -68.831955     20.294001      9.142569    194.476257     85.938400     73.657799     13.914286     13.000000      9.000000  0.197186E+25
     10.421127    -68.740677     20.294001     22.105745    165.761826     85.938400     73.657799      9.342857      3.000000     15.000000  0.476774E+25
     10.427502    -68.649399     20.294001     64.589600    172.861618     85.938400     73.657799      4.571428      3.000000     11.000000  0.139306E+26
     10.433875    -68.558128     20.294001    100.522804    195.634644     85.938400     73.657799      0.000000      1.000000      1.000000  0.216806E+26
     10.440249    -68.466850     20.294001     93.709671    175.802734     85.938400     73.657799      4.371428     11.000000     15.000000  0.202112E+26
     10.446624    -68.375572     20.294001    119.823685    166.836334     85.938400     73.657799      8.942857     13.000000      1.000000  0.258434E+26
     10.452997    -68.284294     20.294001     84.458076    171.205139     85.938400     73.657799     13.714286      9.000000      7.000000  0.182158E+26
     10.459372    -68.193016     20.294001    103.191399    165.545853     85.938400     73.657799     17.885714      9.000000      1.000000  0.222562E+26
     10.465746    -68.101746     20.294001    131.708389    165.144028     85.938400     73.657799     21.457144      7.000000     15.000000  0.284067E+26
     10.472120    -68.010468     20.294001    155.321304    169.874359     85.938400     73.657799     25.028572      3.000000      3.000000  0.334995E+26
     10.478494    -67.919189     20.294001    169.484955    165.198257     85.938400     73.657799     28.200001      9.000000      1.000000  0.365543E+26
     10.484868    -67.827911     20.294001    166.100006    164.731064     85.938400     73.657799     31.571428     11.000000      5.000000  0.358242E+26
     10.491242    -67.736633     20.294001    157.491653    165.103104     85.938400     73.657799     34.142857      1.000000      5.000000  0.339676E+26
     10.497616    -67.645355     20.294001    190.526627    165.708313     85.938400     73.657799     36.714287      1.000000      7.000000  0.410925E+26
     10.503990    -67.554085     20.294001    233.659653    164.520508     85.938400     73.657799     40.285713      3.000000      5.000000  0.503954E+26
     10.510365    -67.462807     20.294001    243.831787    164.709671     85.938400     73.657799     44.057144     15.000000      5.000000  0.525893E+26
     10.516739    -67.371529     20.294001    177.495422    164.805038     85.938400     73.657799     47.628571     15.000000      1.000000  0.382820E+26
     10.523112    -67.280251     20.294001    121.100220    165.176239     85.938400     73.657799     51.200001     11.000000      1.000000  0.261187E+26
     10.529487    -67.188972     20.294001     94.680313    166.976822     85.938400     73.657799     54.771431      5.000000      7.000000  0.204205E+26
     10.535861    -67.097702     20.294001    100.314178    167.479416     85.938400     73.657799     60.542858      3.000000      1.000000  0.216356E+26
     10.542235    -67.006424     20.294001     47.944523    201.798569     85.938400     73.657799     67.314285     11.000000      1.000000  0.103406E+26
     10.548609    -66.915146     20.294001     65.913879    203.941116     85.938400     73.657799     74.085716      3.000000      3.000000  0.142162E+26
     10.554983    -66.823868     20.294001     44.104126    173.967285     85.938400     73.657799     80.257141      7.000000      3.000000  0.951232E+25
     10.561357    -66.732590     20.294001      6.719765    174.542114     85.938400     73.657799     84.828575      1.000000      5.000000  0.144931E+25
     10.567731    -66.641312     20.294001      1.711657    181.114624     85.938400     73.657799     89.000000     13.000000      9.000000  0.369168E+24
     10.574105    -66.550041     20.294001      3.676322    195.231537     85.938400     73.657799     92.571426     11.000000     11.000000  0.792904E+24
     10.580480    -66.458763     20.294001      2.335465    176.710831     85.938400     73.657799     95.742859      5.000000     13.000000  0.503710E+24
     10.586854    -66.367485     20.294001     10.322481    170.502228     85.938400     73.657799     99.514290     13.000000      1.000000  0.222634E+25
     10.402124    -68.831047     25.091991      6.506721    199.611786     85.938400     73.657799     14.062076      9.000000      3.000000  0.182287E+25
     10.408498    -68.739769     25.091991     28.421785    166.000671     85.938400     73.657799      9.762689      3.000000      3.000000  0.796243E+25
     10.414872    -68.648491     25.091991     73.122307    167.863968     85.938400     73.657799      5.192979     13.000000      1.000000  0.204854E+26
     10.421247    -68.557213     25.091991     97.804146    191.021622     85.938400     73.657799      1.785714      3.000000      1.000000  0.274001E+26
     10.427620    -68.465935     25.091991    109.714851    172.607285     85.938400     73.657799      4.192978      9.000000      5.000000  0.307369E+26
     10.433994    -68.374657     25.091991    120.846390    168.908691     85.938400     73.657799      8.362688      7.000000     15.000000  0.338554E+26
     10.440369    -68.283386     25.091991    107.541649    171.626205     85.938400     73.657799     12.662076      7.000000      9.000000  0.301281E+26
     10.446743    -68.192108     25.091991    121.530472    174.642853     85.938400     73.657799     16.396889      3.000000      5.000000  0.340471E+26
     10.453116    -68.100830     25.091991    153.567810    180.262726     85.938400     73.657799     19.746206      3.000000     15.000000  0.430224E+26
     10.459491    -68.009552     25.091991    169.232056    180.200699     85.938400     73.657799     23.102848      7.000000      1.000000  0.474108E+26
     10.465865    -67.918274     25.091991    161.180222    168.772705     85.938400     73.657799     26.463694      5.000000      1.000000  0.451550E+26
     10.472239    -67.827003     25.091991    168.098801    175.887665     85.938400     73.657799     29.827179      1.000000      3.000000  0.470933E+26
     10.478613    -67.735725     25.091991    196.806595    179.263229     85.938400     73.657799     32.592422      3.000000      3.000000  0.551359E+26
     10.484987    -67.644447     25.091991    214.300537    175.828033     85.938400     73.657799     35.958900      1.000000      5.000000  0.600368E+26
     10.491362    -67.553169     25.091991    238.802170    171.755875     85.938400     73.657799     39.726280      1.000000      1.000000  0.669010E+26
     10.497735    -67.461891     25.091991    204.634201    165.175919     85.938400     73.657799     43.494328      1.000000      1.000000  0.573288E+26
     10.504109    -67.370613     25.091991    136.333710    165.553787     85.938400     73.657799     47.262897     11.000000      5.000000  0.381942E+26
     10.510484    -67.279343     25.091991    107.491081    170.297455     85.938400     73.657799     51.231880      7.000000      1.000000  0.301139E+26
     10.516858    -67.188065     25.091991    107.353676    164.755890     85.938400     73.657799     55.001183     11.000000      5.000000  0.300754E+26
     10.523232    -67.096786     25.091991    125.894516    164.760132     85.938400     73.657799     59.970753      5.000000      3.000000  0.352697E+26
     10.529606    -67.005508     25.091991     70.212227    165.726517     85.938400     73.657799     65.540543      1.000000      1.000000  0.196701E+26
     10.535980    -66.914230     25.091991     24.413881    174.616577     85.938400     73.657799     72.310509      3.000000      7.000000  0.683961E+25
     10.542355    -66.822960     25.091991      1.644947    185.895676     85.938400     73.657799     78.480637      5.000000     15.000000  0.460836E+24
     10.548728    -66.731682     25.091991      1.945214    195.558136     85.938400     73.657799     83.250893      1.000000      3.000000  0.544957E+24
     10.555102    -66.640404     25.091991      0.887900    203.304092     85.938400     73.657799     87.421257      5.000000      1.000000  0.248747E+24
     10.561477    -66.549126     25.091991      0.988553    200.559143     85.938400     73.657799     91.191719     11.000000      5.000000  0.276945E+24
     10.567850    -66.457848     25.091991      1.960597    194.547638     85.938400     73.657799     95.362259     11.000000      1.000000  0.549266E+24
     10.574224    -66.366570     25.091991      3.539969    181.174179     85.938400     73.657799     98.932884     13.000000      7.000000  0.991731E+24
     10.389495    -68.830132     29.889982      1.269300    182.010391     85.938400     73.657799     13.893849      7.000000      7.000000  0.355597E+24
     10.395869    -68.738853     29.889982     20.831406    171.161285     85.938400     73.657799      9.985957      5.000000     11.000000  0.583597E+25
     10.402244    -68.647575     29.889982     51.915348    168.470642     85.938400     73.657799      5.850763     11.000000      7.000000  0.145442E+26
     10.408617    -68.556305     29.889982     62.977901    200.228073     85.938400     73.657799      3.571429     15.000000     15.000000  0.176434E+26
     10.414991    -68.465027     29.889982     58.095253    182.831680     85.938400     73.657799      5.450763      1.000000     15.000000  0.162755E+26
     10.421366    -68.373749     29.889982     76.988914    178.662445     85.938400     73.657799      8.785957     11.000000      1.000000  0.215686E+26
     10.427739    -68.282471     29.889982     80.965691    200.167374     85.938400     73.657799     12.493849      7.000000     11.000000  0.226827E+26
     10.434114    -68.191193     29.889982     73.103897    201.801483     85.938400     73.657799     16.125378      1.000000      7.000000  0.204802E+26
     10.440488    -68.099922     29.889982    104.956406    189.634262     85.938400     73.657799     19.410786      3.000000      3.000000  0.294038E+26
     10.446862    -68.008644     29.889982    115.426270    201.687637     85.938400     73.657799     22.124151      5.000000      7.000000  0.323370E+26
     10.453236    -67.917366     29.889982    100.545944    202.074097     85.938400     73.657799     26.053812     15.000000     13.000000  0.281682E+26
     10.459610    -67.826088     29.889982    118.389137    199.610306     85.938400     73.657799     28.993778      1.000000      7.000000  0.331670E+26
     10.465984    -67.734810     29.889982    133.592728    202.094925     85.938400     73.657799     32.340660      7.000000      9.000000  0.374263E+26
     10.472359    -67.643532     29.889982    135.104691    198.560333     85.938400     73.657799     36.292416      3.000000      3.000000  0.378499E+26
     10.478732    -67.552261     29.889982    146.161240    188.391449     85.938400     73.657799     39.447720      7.000000      3.000000  0.409474E+26
     10.485106    -67.460983     29.889982    117.298454    173.658844     85.938400     73.657799     43.405697      3.000000      1.000000  0.328615E+26
     10.491481    -67.369705     29.889982     86.829628    176.444489     85.938400     73.657799     46.965733      7.000000     15.000000  0.243255E+26
     10.497854    -67.278427     29.889982     59.609692    166.927444     85.938400     73.657799     50.727386      7.000000      5.000000  0.166998E+26
     10.504229    -67.187149     29.889982     68.407921    165.204651     85.938400     73.657799     54.490345      5.000000      1.000000  0.191646E+26
     10.510603    -67.095879     29.889982    100.352798    165.157562     85.938400     73.657799     59.254356      7.000000      3.000000  0.281141E+26
     10.516977    -67.004601     29.889982     76.805420    164.601181     85.938400     73.657799     65.019234      1.000000      1.000000  0.215172E+26
     10.523351    -66.913322     29.889982     38.307320    198.671371     85.938400     73.657799     71.584839      5.000000      3.000000  0.107319E+26
     10.529725    -66.822044     29.889982      2.829046    201.629333     85.938400     73.657799     76.951065     15.000000      1.000000  0.792564E+24
     10.536099    -66.730766     29.889982      1.119846    167.154297     85.938400     73.657799     82.117798      3.000000     13.000000  0.313728E+24
     10.542474    -66.639488     29.889982      8.148951    178.302475     85.938400     73.657799     87.084984      5.000000      1.000000  0.228295E+25
     10.548847    -66.548218     29.889982      7.972741    188.812790     85.938400     73.657799     91.252556      1.000000     13.000000  0.223358E+25
     10.555222    -66.456940     29.889982      0.022982    173.055969     85.938400     73.657799     95.420456     15.000000     15.000000  0.643834E+22
     10.561596    -66.365662     29.889982      3.081435    192.698868     85.938400     73.657799     99.388657      3.000000     15.000000  0.863272E+24
