 #Total number of fault_segments=           1
#Fault_segment =   1 nx(Along-strike)= 28 Dx = 10.00km ny(downdip)=   6 Dy =  5.00km
#Boundary of Fault_segment    1. EQ in cell ( 4, 4). Lon:  -68.5277   Lat:   10.4360
 #Lon.  Lat.  Depth
  -68.8346939       10.4526396       5.90002537    
  -68.8301315       10.3894949       29.8899822    
  -66.3048096       10.5658455       29.8899822    
  -66.3093719       10.6289902       5.90002537    
  -68.8346939       10.4526396       5.90002537    
 #Lat. Lon. depth slip rake strike dip t_rup t_ris t_fal mo
     10.452640    -68.834694      5.900025      6.767208    174.877441     85.938400     73.657799     11.778935      1.000000     11.000000  0.119258E+25
     10.459014    -68.743416      5.900025      8.220325    173.455185     85.938400     73.657799      9.528572      3.000000     15.000000  0.144866E+25
     10.465388    -68.652138      5.900025     33.739773    200.825592     85.938400     73.657799      7.038484      3.000000      7.000000  0.594592E+25
     10.471763    -68.560860      5.900025     43.407883    189.148148     85.938400     73.657799      6.957143      7.000000      5.000000  0.764972E+25
     10.478136    -68.469582      5.900025     22.549992    164.828644     85.938400     73.657799      8.438484      1.000000     13.000000  0.397396E+25
     10.484510    -68.378311      5.900025     19.524921    170.446091     85.938400     73.657799     11.728572     15.000000      7.000000  0.344085E+25
     10.490885    -68.287033      5.900025     45.679180    164.589401     85.938400     73.657799     15.978935      1.000000      3.000000  0.804999E+25
     10.497259    -68.195755      5.900025     47.665092    171.413086     85.938400     73.657799     19.657150     11.000000      9.000000  0.839996E+25
     10.503633    -68.104477      5.900025     49.782021    194.306473     85.938400     73.657799     22.443403     11.000000      7.000000  0.877302E+25
     10.510007    -68.013199      5.900025     62.061150    186.652740     85.938400     73.657799     24.288067      1.000000     11.000000  0.109370E+26
     10.516381    -67.921921      5.900025     92.321846    171.700500     85.938400     73.657799     26.367537      1.000000      1.000000  0.162698E+26
     10.522755    -67.830650      5.900025    110.553703    185.841812     85.938400     73.657799     29.269323     15.000000      9.000000  0.194827E+26
     10.529129    -67.739372      5.900025    137.682404    186.978271     85.938400     73.657799     32.586227      5.000000      9.000000  0.242636E+26
     10.535503    -67.648094      5.900025    152.480286    177.269180     85.938400     73.657799     36.113838      5.000000     11.000000  0.268714E+26
     10.541878    -67.556816      5.900025    150.036835    171.125458     85.938400     73.657799     40.449291      1.000000      3.000000  0.264408E+26
     10.548251    -67.465538      5.900025    140.711868    165.931671     85.938400     73.657799     44.190666      5.000000      3.000000  0.247975E+26
     10.554626    -67.374268      5.900025    146.126022    182.749527     85.938400     73.657799     47.736614      7.000000      1.000000  0.257516E+26
     10.561000    -67.282990      5.900025    138.338501    203.092316     85.938400     73.657799     51.086170      3.000000      3.000000  0.243792E+26
     10.567374    -67.191711      5.900025    107.047760    200.467987     85.938400     73.657799     54.438618      1.000000      1.000000  0.188649E+26
     10.573748    -67.100433      5.900025     73.643822    174.285995     85.938400     73.657799     58.593426      5.000000      3.000000  0.129782E+26
     10.580122    -67.009155      5.900025     20.990849    192.046295     85.938400     73.657799     62.750172      1.000000      1.000000  0.369919E+25
     10.586496    -66.917877      5.900025      1.004442    199.954437     85.938400     73.657799     67.308548      5.000000      7.000000  0.177012E+24
     10.592870    -66.826607      5.900025      6.183871    174.948685     85.938400     73.657799     71.668282      1.000000      7.000000  0.108978E+25
     10.599244    -66.735329      5.900025      3.431239    202.542404     85.938400     73.657799     75.229179      7.000000     13.000000  0.604683E+24
     10.605618    -66.644051      5.900025      0.652420    164.845718     85.938400     73.657799     78.191086      1.000000     15.000000  0.114975E+24
     10.611993    -66.552773      5.900025     13.420995    202.848938     85.938400     73.657799     80.753845      9.000000     13.000000  0.236517E+25
     10.618366    -66.461494      5.900025     20.523945    164.915710     85.938400     73.657799     84.517357      3.000000      3.000000  0.361691E+25
     10.624741    -66.370224      5.900025      6.975187    194.446182     85.938400     73.657799     88.281532      5.000000      5.000000  0.122923E+25
     10.440011    -68.833778     10.698017      7.919942    175.282608     85.938400     73.657799     12.093849      3.000000      3.000000  0.139572E+25
     10.446385    -68.742500     10.698017     14.657684    191.413696     85.938400     73.657799      8.785957      1.000000      1.000000  0.258311E+25
     10.452759    -68.651222     10.698017     62.042244    190.645157     85.938400     73.657799      5.450763      3.000000      5.000000  0.109336E+26
     10.459133    -68.559952     10.698017     77.560486    185.637634     85.938400     73.657799      4.571428      7.000000     15.000000  0.136684E+26
     10.465508    -68.468674     10.698017     59.564079    185.725906     85.938400     73.657799      6.850763      7.000000     15.000000  0.104969E+26
     10.471882    -68.377396     10.698017     72.966133    184.584885     85.938400     73.657799     10.585958      7.000000      7.000000  0.128587E+26
     10.478255    -68.286118     10.698017     64.931549    172.961121     85.938400     73.657799     15.293849      9.000000      3.000000  0.114428E+26
     10.484630    -68.194839     10.698017     80.136322    169.333267     85.938400     73.657799     19.125378      5.000000      1.000000  0.141223E+26
     10.491004    -68.103569     10.698017     98.055435    187.612976     85.938400     73.657799     22.210785      5.000000      1.000000  0.172802E+26
     10.497378    -68.012291     10.698017    124.761353    183.538849     85.938400     73.657799     24.124151      3.000000     13.000000  0.219865E+26
     10.503752    -67.921013     10.698017    153.060547    171.752045     85.938400     73.657799     26.253813      1.000000      5.000000  0.269737E+26
     10.510126    -67.829735     10.698017    177.926254    177.916855     85.938400     73.657799     28.793777      9.000000      3.000000  0.313557E+26
     10.516500    -67.738457     10.698017    209.084000    185.203888     85.938400     73.657799     32.340660      3.000000      5.000000  0.368466E+26
     10.522874    -67.647179     10.698017    218.606430    181.228119     85.938400     73.657799     36.292416      1.000000      5.000000  0.385247E+26
     10.529248    -67.555908     10.698017    225.577667    171.593155     85.938400     73.657799     40.047718      1.000000      3.000000  0.397533E+26
     10.535623    -67.464630     10.698017    211.583084    168.334183     85.938400     73.657799     44.005695      7.000000      3.000000  0.372870E+26
     10.541997    -67.373352     10.698017    203.411743    187.446335     85.938400     73.657799     47.565731      7.000000      1.000000  0.358470E+26
     10.548370    -67.282074     10.698017    207.260040    202.864288     85.938400     73.657799     51.127388      3.000000      1.000000  0.365252E+26
     10.554745    -67.190796     10.698017    145.821365    191.009186     85.938400     73.657799     54.690346     11.000000      1.000000  0.256979E+26
     10.561119    -67.099525     10.698017    132.823593    174.082092     85.938400     73.657799     58.654358      5.000000      3.000000  0.234073E+26
     10.567493    -67.008247     10.698017     72.850700    177.915039     85.938400     73.657799     62.819237      1.000000      3.000000  0.128384E+26
     10.573867    -66.916969     10.698017     23.629860    191.032898     85.938400     73.657799     67.584839     11.000000      1.000000  0.416426E+25
     10.580241    -66.825691     10.698017      2.449058    180.825180     85.938400     73.657799     72.151062      1.000000     11.000000  0.431595E+24
     10.586616    -66.734413     10.698017      1.463545    165.182266     85.938400     73.657799     75.317802     13.000000      3.000000  0.257919E+24
     10.592989    -66.643135     10.698017      4.997127    202.787704     85.938400     73.657799     77.684982      3.000000      5.000000  0.880638E+24
     10.599363    -66.551865     10.698017     25.694294    178.782959     85.938400     73.657799     80.852554      5.000000     11.000000  0.452807E+25
     10.605738    -66.460587     10.698017     39.005890    169.121506     85.938400     73.657799     84.420456      3.000000      1.000000  0.687396E+25
     10.612112    -66.369308     10.698017     26.874506    198.155518     85.938400     73.657799     87.988655      5.000000      3.000000  0.473606E+25
     10.427382    -68.832870     15.496009     10.310206    186.014297     85.938400     73.657799     12.462076      1.000000     13.000000  0.222369E+25
     10.433756    -68.741592     15.496009     43.373615    196.905960     85.938400     73.657799      8.362688     13.000000     11.000000  0.935476E+25
     10.440130    -68.650314     15.496009     61.784653    202.137726     85.938400     73.657799      3.992979      5.000000     13.000000  0.133256E+26
     10.446505    -68.559036     15.496009     93.004524    187.367294     85.938400     73.657799      1.785714      1.000000      3.000000  0.200591E+26
     10.452878    -68.467758     15.496009     87.207893    186.427750     85.938400     73.657799      5.392979     11.000000     13.000000  0.188089E+26
     10.459252    -68.376488     15.496009     93.262627    181.622559     85.938400     73.657799     10.562689      7.000000      7.000000  0.201148E+26
     10.465627    -68.285210     15.496009     94.983826    170.820297     85.938400     73.657799     15.262075      3.000000     13.000000  0.204860E+26
     10.472001    -68.193932     15.496009    107.961128    168.526505     85.938400     73.657799     19.196888      9.000000      1.000000  0.232849E+26
     10.478374    -68.102654     15.496009    106.468903    183.393173     85.938400     73.657799     22.146208      5.000000      9.000000  0.229631E+26
     10.484749    -68.011375     15.496009    132.895401    179.311615     85.938400     73.657799     24.702848      5.000000      5.000000  0.286627E+26
     10.491123    -67.920097     15.496009    155.026352    173.261566     85.938400     73.657799     26.663694      9.000000      1.000000  0.334359E+26
     10.497498    -67.828827     15.496009    197.663940    173.728745     85.938400     73.657799     29.027178      1.000000      1.000000  0.426319E+26
     10.503871    -67.737549     15.496009    224.737778    182.403931     85.938400     73.657799     32.192421      1.000000      5.000000  0.484711E+26
     10.510245    -67.646271     15.496009    223.531693    183.013718     85.938400     73.657799     36.158901      3.000000      1.000000  0.482110E+26
     10.516620    -67.554993     15.496009    204.726578    175.137039     85.938400     73.657799     39.926277      5.000000      5.000000  0.441551E+26
     10.522993    -67.463715     15.496009    194.883469    169.932098     85.938400     73.657799     43.894329      1.000000      5.000000  0.420322E+26
     10.529367    -67.372444     15.496009    180.023682    185.079361     85.938400     73.657799     47.862900      5.000000      1.000000  0.388273E+26
     10.535742    -67.281166     15.496009    173.801849    194.195099     85.938400     73.657799     51.031879      3.000000      3.000000  0.374853E+26
     10.542116    -67.189888     15.496009    141.904343    172.000000     85.938400     73.657799     54.401180      3.000000      5.000000  0.306057E+26
     10.548490    -67.098610     15.496009    146.180481    165.390366     85.938400     73.657799     58.370754      5.000000      1.000000  0.315280E+26
     10.554864    -67.007332     15.496009    106.714806    168.107941     85.938400     73.657799     62.740540      1.000000      1.000000  0.230161E+26
     10.561238    -66.916054     15.496009     50.765816    199.129837     85.938400     73.657799     67.710510     11.000000      1.000000  0.109491E+26
     10.567612    -66.824783     15.496009     23.779472    192.433472     85.938400     73.657799     72.280640      3.000000      1.000000  0.512872E+25
     10.573986    -66.733505     15.496009      9.418282    202.491608     85.938400     73.657799     75.650887      3.000000      3.000000  0.203132E+25
     10.580360    -66.642227     15.496009      6.890845    191.279327     85.938400     73.657799     78.221252     11.000000      3.000000  0.148621E+25
     10.586735    -66.550949     15.496009     30.956314    174.108429     85.938400     73.657799     80.991722      9.000000      3.000000  0.667661E+25
     10.593108    -66.459671     15.496009     47.873009    166.141861     85.938400     73.657799     84.562263      5.000000      1.000000  0.103252E+26
     10.599483    -66.368393     15.496009     39.831570    177.013626     85.938400     73.657799     87.732887      1.000000      1.000000  0.859082E+25
     10.414753    -68.831955     20.294001     15.749358    166.026154     85.938400     73.657799     13.114286      5.000000      7.000000  0.339680E+25
     10.421127    -68.740677     20.294001     46.104469    164.987015     85.938400     73.657799      8.342857      7.000000      3.000000  0.994375E+25
     10.427502    -68.649399     20.294001     62.458706    197.707184     85.938400     73.657799      3.771429      1.000000      1.000000  0.134710E+26
     10.433875    -68.558128     20.294001    110.564445    193.173462     85.938400     73.657799      0.000000      1.000000      1.000000  0.238464E+26
     10.440249    -68.466850     20.294001     94.455856    192.603577     85.938400     73.657799      4.771429     13.000000     13.000000  0.203721E+26
     10.446624    -68.375572     20.294001     99.063667    181.918106     85.938400     73.657799     10.742857      7.000000      1.000000  0.213659E+26
     10.452997    -68.284294     20.294001    109.639275    176.227768     85.938400     73.657799     15.714286      1.000000      9.000000  0.236468E+26
     10.459372    -68.193016     20.294001    111.244217    176.439667     85.938400     73.657799     19.485714      5.000000      1.000000  0.239930E+26
     10.465746    -68.101746     20.294001     94.523331    188.518524     85.938400     73.657799     22.857143      1.000000     13.000000  0.203867E+26
     10.472120    -68.010468     20.294001    106.821480    181.890808     85.938400     73.657799     25.628572      3.000000      3.000000  0.230391E+26
     10.478494    -67.919189     20.294001    127.422913    168.260757     85.938400     73.657799     28.200001      1.000000      1.000000  0.274824E+26
     10.484868    -67.827911     20.294001    161.122910    174.401749     85.938400     73.657799     30.571428      3.000000      7.000000  0.347508E+26
     10.491242    -67.736633     20.294001    177.348694    178.633499     85.938400     73.657799     33.142857      3.000000      9.000000  0.382503E+26
     10.497616    -67.645355     20.294001    164.968781    182.540161     85.938400     73.657799     36.314285      3.000000      7.000000  0.355802E+26
     10.503990    -67.554085     20.294001    164.971817    179.475830     85.938400     73.657799     39.685715      3.000000      1.000000  0.355809E+26
     10.510365    -67.462807     20.294001    177.043488    165.423859     85.938400     73.657799     43.457142      3.000000      5.000000  0.381845E+26
     10.516739    -67.371529     20.294001    143.529297    169.046295     85.938400     73.657799     47.628571     13.000000      3.000000  0.309562E+26
     10.523112    -67.280251     20.294001    130.045868    170.624298     85.938400     73.657799     51.400002      9.000000      5.000000  0.280481E+26
     10.529487    -67.188972     20.294001    132.367615    164.717361     85.938400     73.657799     55.171429      5.000000      1.000000  0.285489E+26
     10.535861    -67.097702     20.294001    142.005920    169.984695     85.938400     73.657799     59.142857      5.000000      1.000000  0.306276E+26
     10.542235    -67.006424     20.294001    119.155296    169.241547     85.938400     73.657799     63.514286      1.000000      3.000000  0.256992E+26
     10.548609    -66.915146     20.294001     85.940025    204.052094     85.938400     73.657799     68.485710     11.000000      1.000000  0.185354E+26
     10.554983    -66.823868     20.294001     43.038715    203.757751     85.938400     73.657799     72.457138      5.000000      1.000000  0.928253E+25
     10.561357    -66.732590     20.294001      7.953782    177.054092     85.938400     73.657799     76.028572      1.000000      1.000000  0.171546E+25
     10.567731    -66.641312     20.294001     17.094299    168.196793     85.938400     73.657799     78.599998      9.000000     13.000000  0.368687E+25
     10.574105    -66.550041     20.294001     49.336933    166.323685     85.938400     73.657799     80.971428      7.000000      3.000000  0.106409E+26
     10.580480    -66.458763     20.294001     44.912010    171.879517     85.938400     73.657799     83.942863      5.000000      1.000000  0.968656E+25
     10.586854    -66.367485     20.294001     28.051151    167.451340     85.938400     73.657799     87.314285      3.000000      1.000000  0.605003E+25
     10.402124    -68.831047     25.091991      3.857330    175.583435     85.938400     73.657799     13.662076     15.000000      5.000000  0.108064E+25
     10.408498    -68.739769     25.091991     36.243408    166.763229     85.938400     73.657799      9.162688      9.000000      1.000000  0.101537E+26
     10.414872    -68.648491     25.091991     52.393269    183.597977     85.938400     73.657799      4.992979      7.000000      1.000000  0.146781E+26
     10.421247    -68.557213     25.091991     84.637978    184.604950     85.938400     73.657799      2.585714      7.000000      1.000000  0.237115E+26
     10.427620    -68.465935     25.091991     88.568016    201.009476     85.938400     73.657799      5.792979     15.000000      1.000000  0.248125E+26
     10.433994    -68.374657     25.091991     80.382797    190.396530     85.938400     73.657799     11.162688      5.000000     11.000000  0.225194E+26
     10.440369    -68.283386     25.091991     95.693985    181.582809     85.938400     73.657799     16.062077      3.000000      5.000000  0.268089E+26
     10.446743    -68.192108     25.091991     88.488678    189.660431     85.938400     73.657799     20.396889      3.000000      5.000000  0.247903E+26
     10.453116    -68.100830     25.091991     59.813190    185.931519     85.938400     73.657799     23.946207      1.000000     11.000000  0.167568E+26
     10.459491    -68.009552     25.091991     60.770451    195.585144     85.938400     73.657799     26.902847      1.000000      7.000000  0.170250E+26
     10.465865    -67.918274     25.091991     65.148392    167.284485     85.938400     73.657799     29.663694      7.000000      5.000000  0.182515E+26
     10.472239    -67.827003     25.091991     97.584427    165.918839     85.938400     73.657799     32.227177      5.000000      1.000000  0.273385E+26
     10.478613    -67.735725     25.091991    108.183990    172.556717     85.938400     73.657799     34.392422      3.000000      5.000000  0.303080E+26
     10.484987    -67.644447     25.091991    111.997452    180.722244     85.938400     73.657799     36.958900      3.000000      1.000000  0.313764E+26
     10.491362    -67.553169     25.091991    102.989861    177.392944     85.938400     73.657799     40.126278      3.000000      5.000000  0.288529E+26
     10.497735    -67.461891     25.091991    102.282204    166.840591     85.938400     73.657799     43.694328      1.000000      1.000000  0.286546E+26
     10.504109    -67.370613     25.091991     90.142868    164.962173     85.938400     73.657799     47.262897     13.000000      1.000000  0.252537E+26
     10.510484    -67.279343     25.091991     77.868408    166.980301     85.938400     73.657799     51.631878      7.000000      3.000000  0.218150E+26
     10.516858    -67.188065     25.091991     94.231873    165.239120     85.938400     73.657799     56.001183      1.000000      3.000000  0.263993E+26
     10.523232    -67.096786     25.091991    106.443115    165.782623     85.938400     73.657799     60.570755      7.000000      3.000000  0.298203E+26
     10.529606    -67.005508     25.091991     90.378334    165.037842     85.938400     73.657799     64.740540      1.000000      1.000000  0.253197E+26
     10.535980    -66.914230     25.091991     73.825607    202.794388     85.938400     73.657799     68.710510      9.000000      1.000000  0.206824E+26
     10.542355    -66.822960     25.091991     41.945271    204.068878     85.938400     73.657799     72.680641      3.000000      5.000000  0.117511E+26
     10.548728    -66.731682     25.091991      1.905183    176.712341     85.938400     73.657799     76.250893      7.000000      9.000000  0.533742E+24
     10.555102    -66.640404     25.091991      4.048959    180.227173     85.938400     73.657799     79.421257      9.000000      7.000000  0.113433E+25
     10.561477    -66.549126     25.091991     29.679203    176.223877     85.938400     73.657799     81.791718      5.000000      1.000000  0.831470E+25
     10.567850    -66.457848     25.091991     19.290701    171.815186     85.938400     73.657799     84.562263      5.000000      1.000000  0.540434E+25
     10.574224    -66.366570     25.091991      1.724122    193.646164     85.938400     73.657799     87.732887     11.000000     11.000000  0.483017E+24
     10.389495    -68.830132     29.889982      0.453187    196.665466     85.938400     73.657799     14.493849      3.000000     15.000000  0.126962E+24
     10.395869    -68.738853     29.889982     25.529894    171.984985     85.938400     73.657799      9.985957      5.000000      3.000000  0.715226E+25
     10.402244    -68.647575     29.889982     35.455376    167.141586     85.938400     73.657799      6.250763      7.000000     11.000000  0.993291E+25
     10.408617    -68.556305     29.889982     65.604156    164.847336     85.938400     73.657799      4.771429      7.000000     13.000000  0.183792E+26
     10.414991    -68.465027     29.889982     62.803181    180.050858     85.938400     73.657799      7.250763      3.000000      9.000000  0.175945E+26
     10.421366    -68.373749     29.889982     50.970116    179.767456     85.938400     73.657799     11.985957      7.000000     15.000000  0.142794E+26
     10.427739    -68.282471     29.889982     58.215393    181.201385     85.938400     73.657799     16.493849      3.000000      5.000000  0.163092E+26
     10.434114    -68.191193     29.889982     60.413193    184.271729     85.938400     73.657799     21.325377      1.000000     11.000000  0.169249E+26
     10.440488    -68.099922     29.889982     30.481213    184.242096     85.938400     73.657799     24.610785      1.000000      3.000000  0.853939E+25
     10.446862    -68.008644     29.889982     26.371708    200.254623     85.938400     73.657799     27.524151      1.000000      1.000000  0.738810E+25
     10.453236    -67.917366     29.889982     16.518948    164.653900     85.938400     73.657799     30.653812     15.000000      1.000000  0.462782E+25
     10.459610    -67.826088     29.889982     30.949488    164.645081     85.938400     73.657799     33.593777      7.000000     15.000000  0.867058E+25
     10.465984    -67.734810     29.889982     48.158508    165.987427     85.938400     73.657799     35.540661      1.000000      5.000000  0.134917E+26
     10.472359    -67.643532     29.889982     51.642521    202.565918     85.938400     73.657799     37.692413      3.000000      1.000000  0.144678E+26
     10.478732    -67.552261     29.889982     45.863636    203.916000     85.938400     73.657799     40.447720      9.000000      1.000000  0.128488E+26
     10.485106    -67.460983     29.889982     43.971954    183.155869     85.938400     73.657799     43.605694      3.000000      5.000000  0.123189E+26
     10.491481    -67.369705     29.889982     38.801804    165.824371     85.938400     73.657799     47.765732      1.000000     11.000000  0.108704E+26
     10.497854    -67.278427     29.889982     38.445118    169.277054     85.938400     73.657799     52.127388      7.000000      1.000000  0.107705E+26
     10.504229    -67.187149     29.889982     54.698895    166.413086     85.938400     73.657799     56.290344     11.000000      5.000000  0.153240E+26
     10.510603    -67.095879     29.889982     77.422890    164.827820     85.938400     73.657799     60.854355      7.000000      3.000000  0.216902E+26
     10.516977    -67.004601     29.889982     64.285706    164.570175     85.938400     73.657799     65.019234      3.000000      1.000000  0.180098E+26
     10.523351    -66.913322     29.889982     43.722580    199.472427     85.938400     73.657799     68.984840     13.000000      9.000000  0.122490E+26
     10.529725    -66.822044     29.889982     10.381592    198.326004     85.938400     73.657799     72.751068      5.000000     11.000000  0.290843E+25
     10.536099    -66.730766     29.889982      0.540823    177.192032     85.938400     73.657799     76.517799      1.000000     13.000000  0.151513E+24
     10.542474    -66.639488     29.889982      2.500674    180.448914     85.938400     73.657799     80.084984      7.000000     15.000000  0.700570E+24
     10.548847    -66.548218     29.889982     15.064688    170.511002     85.938400     73.657799     82.852554      9.000000      9.000000  0.422041E+25
     10.555222    -66.456940     29.889982      8.919218    192.986633     85.938400     73.657799     85.620461      5.000000     13.000000  0.249874E+25
     10.561596    -66.365662     29.889982      5.691931    197.051163     85.938400     73.657799     88.588661      3.000000     15.000000  0.159461E+25
