 #Total number of fault_segments=           1
#Fault_segment =   1 nx(Along-strike)= 28 Dx = 10.00km ny(downdip)=   6 Dy =  5.00km
#Boundary of Fault_segment    1. EQ in cell ( 4, 4). Lon:  -68.5277   Lat:   10.4360
 #Lon.  Lat.  Depth
  -68.8346939       10.4526396       5.90002537    
  -68.8301315       10.3894949       29.8899822    
  -66.3048096       10.5658455       29.8899822    
  -66.3093719       10.6289902       5.90002537    
  -68.8346939       10.4526396       5.90002537    
 #Lat. Lon. depth slip rake strike dip t_rup t_ris t_fal mo
     10.452640    -68.834694      5.900025      4.335088    195.391953     85.938400     73.657799     16.578936     13.000000      5.000000  0.763967E+24
     10.459014    -68.743416      5.900025      2.707426    171.549561     85.938400     73.657799     12.928572      3.000000      9.000000  0.477126E+24
     10.465388    -68.652138      5.900025     31.344236    194.801010     85.938400     73.657799      9.638484      3.000000      1.000000  0.552376E+25
     10.471763    -68.560860      5.900025     28.407648    197.315338     85.938400     73.657799      8.157143      3.000000      1.000000  0.500625E+25
     10.478136    -68.469582      5.900025     15.811479    174.247238     85.938400     73.657799      9.438484      7.000000      7.000000  0.278644E+25
     10.484510    -68.378311      5.900025     12.718988    179.226166     85.938400     73.657799     13.728572      3.000000      1.000000  0.224145E+25
     10.490885    -68.287033      5.900025     10.290975    200.818832     85.938400     73.657799     16.778934      1.000000     15.000000  0.181357E+25
     10.497259    -68.195755      5.900025     29.905636    199.629318     85.938400     73.657799     19.857149     11.000000      7.000000  0.527023E+25
     10.503633    -68.104477      5.900025     39.809711    194.234573     85.938400     73.657799     22.843405     11.000000      5.000000  0.701562E+25
     10.510007    -68.013199      5.900025     71.414238    176.533539     85.938400     73.657799     25.088066      3.000000     13.000000  0.125852E+26
     10.516381    -67.921921      5.900025    100.883286    175.217957     85.938400     73.657799     27.367537      1.000000      1.000000  0.177785E+26
     10.522755    -67.830650      5.900025    137.610641    187.637924     85.938400     73.657799     29.269323      5.000000      3.000000  0.242510E+26
     10.529129    -67.739372      5.900025    162.953918    196.484680     85.938400     73.657799     32.586227      5.000000      1.000000  0.287172E+26
     10.535503    -67.648094      5.900025    173.227341    201.915573     85.938400     73.657799     36.113838      3.000000      1.000000  0.305276E+26
     10.541878    -67.556816      5.900025    166.876068    199.343689     85.938400     73.657799     40.049294      5.000000      5.000000  0.294084E+26
     10.548251    -67.465538      5.900025    147.654465    195.685028     85.938400     73.657799     43.590668      1.000000      1.000000  0.260210E+26
     10.554626    -67.374268      5.900025    129.725143    188.815964     85.938400     73.657799     46.736614      7.000000      3.000000  0.228613E+26
     10.561000    -67.282990      5.900025    129.928955    197.611389     85.938400     73.657799     50.486172      3.000000      5.000000  0.228972E+26
     10.567374    -67.191711      5.900025    119.992180    200.059906     85.938400     73.657799     53.838619      1.000000      1.000000  0.211461E+26
     10.573748    -67.100433      5.900025     76.867867    180.603653     85.938400     73.657799     59.393425      3.000000      7.000000  0.135463E+26
     10.580122    -67.009155      5.900025     39.193054    177.436005     85.938400     73.657799     65.350174     13.000000     13.000000  0.690695E+25
     10.586496    -66.917877      5.900025      8.154586    183.101212     85.938400     73.657799     70.508545      1.000000      9.000000  0.143707E+25
     10.592870    -66.826607      5.900025      8.331986    192.313339     85.938400     73.657799     74.268280     11.000000     13.000000  0.146834E+25
     10.599244    -66.735329      5.900025     11.165472    186.848969     85.938400     73.657799     77.429184     11.000000      3.000000  0.196768E+25
     10.605618    -66.644051      5.900025     12.426650    183.979294     85.938400     73.657799     80.191086     13.000000     15.000000  0.218993E+25
     10.611993    -66.552773      5.900025     12.108005    181.708832     85.938400     73.657799     83.953842      7.000000      1.000000  0.213378E+25
     10.618366    -66.461494      5.900025     15.571368    204.307755     85.938400     73.657799     87.717361     15.000000      1.000000  0.274412E+25
     10.624741    -66.370224      5.900025     11.868138    166.107986     85.938400     73.657799     91.281532      9.000000     11.000000  0.209151E+25
     10.440011    -68.833778     10.698017      3.611091    179.464432     85.938400     73.657799     15.293849      9.000000      7.000000  0.636378E+24
     10.446385    -68.742500     10.698017      4.071008    199.519913     85.938400     73.657799     11.185957      9.000000     13.000000  0.717429E+24
     10.452759    -68.651222     10.698017     47.194489    180.465958     85.938400     73.657799      6.650763     11.000000      5.000000  0.831703E+25
     10.459133    -68.559952     10.698017     46.598213    186.340897     85.938400     73.657799      4.771429     15.000000      9.000000  0.821195E+25
     10.465508    -68.468674     10.698017     38.731129    176.585419     85.938400     73.657799      7.050763      5.000000      9.000000  0.682554E+25
     10.471882    -68.377396     10.698017     37.727890    193.448303     85.938400     73.657799     11.385958      9.000000      7.000000  0.664874E+25
     10.478255    -68.286118     10.698017     47.901474    192.581833     85.938400     73.657799     14.893849      1.000000      1.000000  0.844162E+25
     10.484630    -68.194839     10.698017     60.163643    170.147171     85.938400     73.657799     18.725376      7.000000      1.000000  0.106026E+26
     10.491004    -68.103569     10.698017     73.397949    185.909302     85.938400     73.657799     21.810785      5.000000     13.000000  0.129348E+26
     10.497378    -68.012291     10.698017    129.454803    178.725586     85.938400     73.657799     24.324152      3.000000      1.000000  0.228137E+26
     10.503752    -67.921013     10.698017    166.805695    173.592270     85.938400     73.657799     26.453814      1.000000      3.000000  0.293960E+26
     10.510126    -67.829735     10.698017    198.142929    173.786453     85.938400     73.657799     29.193777      1.000000      1.000000  0.349185E+26
     10.516500    -67.738457     10.698017    243.714233    185.408249     85.938400     73.657799     32.340660     13.000000      5.000000  0.429495E+26
     10.522874    -67.647179     10.698017    260.926880    189.071167     85.938400     73.657799     35.892414      1.000000      5.000000  0.459828E+26
     10.529248    -67.555908     10.698017    258.225983    191.579926     85.938400     73.657799     39.647720      3.000000      3.000000  0.455069E+26
     10.535623    -67.464630     10.698017    216.292526    193.865723     85.938400     73.657799     43.805695     15.000000      9.000000  0.381170E+26
     10.541997    -67.373352     10.698017    220.694748    191.779266     85.938400     73.657799     47.765732      5.000000      5.000000  0.388928E+26
     10.548370    -67.282074     10.698017    219.669403    196.886887     85.938400     73.657799     51.527390      1.000000      3.000000  0.387121E+26
     10.554745    -67.190796     10.698017    188.549530    181.280716     85.938400     73.657799     56.690346      7.000000      1.000000  0.332279E+26
     10.561119    -67.099525     10.698017    143.537292    166.785141     85.938400     73.657799     61.854355      1.000000      1.000000  0.252954E+26
     10.567493    -67.008247     10.698017     75.093163    169.514725     85.938400     73.657799     67.419235      9.000000     15.000000  0.132336E+26
     10.573867    -66.916969     10.698017     20.815985    183.823822     85.938400     73.657799     72.384842      7.000000      1.000000  0.366838E+25
     10.580241    -66.825691     10.698017      2.544974    204.066010     85.938400     73.657799     75.751068      1.000000      7.000000  0.448498E+24
     10.586616    -66.734413     10.698017     12.479470    199.433273     85.938400     73.657799     78.317802      3.000000      9.000000  0.219924E+25
     10.592989    -66.643135     10.698017     12.727022    197.783752     85.938400     73.657799     80.884987     11.000000      5.000000  0.224287E+25
     10.599363    -66.551865     10.698017     10.309207    191.250427     85.938400     73.657799     84.052559      1.000000      9.000000  0.181678E+25
     10.605738    -66.460587     10.698017     10.651613    178.762650     85.938400     73.657799     87.220459      1.000000      9.000000  0.187712E+25
     10.612112    -66.369308     10.698017     11.724977    186.201813     85.938400     73.657799     90.988655      5.000000      9.000000  0.206628E+25
     10.427382    -68.832870     15.496009     11.684808    188.626419     85.938400     73.657799     13.662076     11.000000      1.000000  0.252016E+25
     10.433756    -68.741592     15.496009     20.067413    186.391083     85.938400     73.657799      9.562689      1.000000      3.000000  0.432811E+25
     10.440130    -68.650314     15.496009     52.541626    197.269089     85.938400     73.657799      4.792979      3.000000      3.000000  0.113321E+26
     10.446505    -68.559036     15.496009     64.653030    204.244766     85.938400     73.657799      1.985714      7.000000      3.000000  0.139443E+26
     10.452878    -68.467758     15.496009     59.455280    192.227783     85.938400     73.657799      5.192979      7.000000      1.000000  0.128232E+26
     10.459252    -68.376488     15.496009     67.650536    179.700333     85.938400     73.657799      9.962688      5.000000     11.000000  0.145908E+26
     10.465627    -68.285210     15.496009     90.931946    184.495453     85.938400     73.657799     13.662076      1.000000      5.000000  0.196121E+26
     10.472001    -68.193932     15.496009     86.717667    166.819656     85.938400     73.657799     17.196888      3.000000      1.000000  0.187031E+26
     10.478374    -68.102654     15.496009     93.476395    169.008575     85.938400     73.657799     19.946207      3.000000      1.000000  0.201609E+26
     10.484749    -68.011375     15.496009    141.113129    171.085861     85.938400     73.657799     22.502848      7.000000     13.000000  0.304351E+26
     10.491123    -67.920097     15.496009    194.411743    170.823120     85.938400     73.657799     25.263695     11.000000      3.000000  0.419305E+26
     10.497498    -67.828827     15.496009    244.364136    168.537308     85.938400     73.657799     28.627178      9.000000      7.000000  0.527041E+26
     10.503871    -67.737549     15.496009    277.325500    176.653137     85.938400     73.657799     32.192421      5.000000      1.000000  0.598132E+26
     10.510245    -67.646271     15.496009    282.131042    178.802658     85.938400     73.657799     36.158901      3.000000      3.000000  0.608496E+26
     10.516620    -67.554993     15.496009    266.695282    177.280151     85.938400     73.657799     40.126278      7.000000      7.000000  0.575205E+26
     10.522993    -67.463715     15.496009    219.879333    188.508698     85.938400     73.657799     44.694328      7.000000      9.000000  0.474233E+26
     10.529367    -67.372444     15.496009    200.358017    197.103790     85.938400     73.657799     49.462898      3.000000      9.000000  0.432129E+26
     10.535742    -67.281166     15.496009    193.564941    195.620605     85.938400     73.657799     53.831879      1.000000      1.000000  0.417478E+26
     10.542116    -67.189888     15.496009    166.454193    173.323914     85.938400     73.657799     59.801182      3.000000      1.000000  0.359006E+26
     10.548490    -67.098610     15.496009    129.237106    164.708633     85.938400     73.657799     64.570755      1.000000      1.000000  0.278737E+26
     10.554864    -67.007332     15.496009     77.135704    169.332352     85.938400     73.657799     69.740540      9.000000      3.000000  0.166365E+26
     10.561238    -66.916054     15.496009     11.215469    175.062363     85.938400     73.657799     74.510506     13.000000     15.000000  0.241894E+25
     10.567612    -66.824783     15.496009      6.302899    199.372833     85.938400     73.657799     77.680641      9.000000      5.000000  0.135940E+25
     10.573986    -66.733505     15.496009     11.973516    200.218124     85.938400     73.657799     80.050888      1.000000     15.000000  0.258243E+25
     10.580360    -66.642227     15.496009     12.518090    185.834442     85.938400     73.657799     82.421257      9.000000      7.000000  0.269988E+25
     10.586735    -66.550949     15.496009      6.176908    164.927307     85.938400     73.657799     84.991722      5.000000      9.000000  0.133223E+25
     10.593108    -66.459671     15.496009     19.126537    166.126587     85.938400     73.657799     87.762260      7.000000     11.000000  0.412518E+25
     10.599483    -66.368393     15.496009     10.759864    171.312698     85.938400     73.657799     91.132889      7.000000      1.000000  0.232067E+25
     10.414753    -68.831955     20.294001      3.860760    182.919632     85.938400     73.657799     13.314286     11.000000     13.000000  0.832683E+24
     10.421127    -68.740677     20.294001     22.009018    175.637222     85.938400     73.657799      8.542857      1.000000     11.000000  0.474687E+25
     10.427502    -68.649399     20.294001     73.066277    185.024246     85.938400     73.657799      3.971429      7.000000     15.000000  0.157588E+26
     10.433875    -68.558128     20.294001     85.685356    202.364670     85.938400     73.657799      0.000000      1.000000      1.000000  0.184805E+26
     10.440249    -68.466850     20.294001     67.731216    178.402924     85.938400     73.657799      4.371428     13.000000      5.000000  0.146082E+26
     10.446624    -68.375572     20.294001     77.638718    183.388321     85.938400     73.657799      8.942857      7.000000      5.000000  0.167450E+26
     10.452997    -68.284294     20.294001     95.275391    182.186569     85.938400     73.657799     12.914286      9.000000      7.000000  0.205489E+26
     10.459372    -68.193016     20.294001    111.674721    172.568207     85.938400     73.657799     16.485714      7.000000      5.000000  0.240858E+26
     10.465746    -68.101746     20.294001    118.251671    165.185516     85.938400     73.657799     19.057144      1.000000      1.000000  0.255044E+26
     10.472120    -68.010468     20.294001    137.984756    175.427811     85.938400     73.657799     21.828571      7.000000      1.000000  0.297604E+26
     10.478494    -67.919189     20.294001    173.904068    168.303757     85.938400     73.657799     25.000000      5.000000      1.000000  0.375074E+26
     10.484868    -67.827911     20.294001    210.533127    172.435196     85.938400     73.657799     28.571428      1.000000      5.000000  0.454075E+26
     10.491242    -67.736633     20.294001    212.594894    174.067123     85.938400     73.657799     32.342857      9.000000      7.000000  0.458522E+26
     10.497616    -67.645355     20.294001    225.642990    175.396759     85.938400     73.657799     36.714287      5.000000     13.000000  0.486664E+26
     10.503990    -67.554085     20.294001    219.413559    170.409256     85.938400     73.657799     41.485714      1.000000      5.000000  0.473228E+26
     10.510365    -67.462807     20.294001    183.297668    173.999283     85.938400     73.657799     46.657143     15.000000      5.000000  0.395334E+26
     10.516739    -67.371529     20.294001    160.753494    180.555206     85.938400     73.657799     52.428570     13.000000      3.000000  0.346711E+26
     10.523112    -67.280251     20.294001    138.662949    170.382202     85.938400     73.657799     58.000000      5.000000      1.000000  0.299066E+26
     10.529487    -67.188972     20.294001     99.538109    171.301865     85.938400     73.657799     64.171432     13.000000     11.000000  0.214682E+26
     10.535861    -67.097702     20.294001     66.722664    165.541336     85.938400     73.657799     69.342857      9.000000     15.000000  0.143906E+26
     10.542235    -67.006424     20.294001     32.150581    171.375519     85.938400     73.657799     73.914284      1.000000     13.000000  0.693419E+25
     10.548609    -66.915146     20.294001      4.929264    192.529510     85.938400     73.657799     77.885712     15.000000      5.000000  0.106314E+25
     10.554983    -66.823868     20.294001     14.307590    197.773041     85.938400     73.657799     80.457138     15.000000      5.000000  0.308584E+25
     10.561357    -66.732590     20.294001     18.499155    169.384781     85.938400     73.657799     82.428574     15.000000     11.000000  0.398987E+25
     10.567731    -66.641312     20.294001     25.704773    197.603546     85.938400     73.657799     83.800003      3.000000     11.000000  0.554397E+25
     10.574105    -66.550041     20.294001     28.938828    195.309341     85.938400     73.657799     85.971428      9.000000     11.000000  0.624149E+25
     10.580480    -66.458763     20.294001     27.822039    186.331406     85.938400     73.657799     87.942863     15.000000      3.000000  0.600062E+25
     10.586854    -66.367485     20.294001     12.016745    194.291840     85.938400     73.657799     90.914284      1.000000      1.000000  0.259175E+25
     10.402124    -68.831047     25.091991      1.644658    188.402481     85.938400     73.657799     13.062076      5.000000     11.000000  0.460755E+24
     10.408498    -68.739769     25.091991     11.706530    185.306244     85.938400     73.657799      7.962688      5.000000      1.000000  0.327961E+25
     10.414872    -68.648491     25.091991     47.171509    179.073364     85.938400     73.657799      4.592978     15.000000      1.000000  0.132152E+26
     10.421247    -68.557213     25.091991     67.112946    201.609497     85.938400     73.657799      2.185714      1.000000      3.000000  0.188019E+26
     10.427620    -68.465935     25.091991     70.185089    176.162827     85.938400     73.657799      4.792979      7.000000     11.000000  0.196625E+26
     10.433994    -68.374657     25.091991     88.660492    196.673935     85.938400     73.657799      9.362688     11.000000     15.000000  0.248385E+26
     10.440369    -68.283386     25.091991     82.104309    202.605652     85.938400     73.657799     13.262075      3.000000     11.000000  0.230017E+26
     10.446743    -68.192108     25.091991    101.581726    188.350708     85.938400     73.657799     16.796888      1.000000      1.000000  0.284584E+26
     10.453116    -68.100830     25.091991    102.793800    189.233032     85.938400     73.657799     19.346207      3.000000      5.000000  0.287979E+26
     10.459491    -68.009552     25.091991    126.617493    197.115372     85.938400     73.657799     21.902847      5.000000      1.000000  0.354722E+26
     10.465865    -67.918274     25.091991    123.333412    185.593338     85.938400     73.657799     25.063694     13.000000      3.000000  0.345522E+26
     10.472239    -67.827003     25.091991    135.790878    178.703125     85.938400     73.657799     28.627178      3.000000     11.000000  0.380421E+26
     10.478613    -67.735725     25.091991    146.405563    172.597443     85.938400     73.657799     32.592422      5.000000      1.000000  0.410159E+26
     10.484987    -67.644447     25.091991    151.674225    170.680679     85.938400     73.657799     37.358898      1.000000      3.000000  0.424919E+26
     10.491362    -67.553169     25.091991    156.247543    164.814041     85.938400     73.657799     42.526279      3.000000      1.000000  0.437731E+26
     10.497735    -67.461891     25.091991    129.586288    165.119232     85.938400     73.657799     47.694328     11.000000      5.000000  0.363039E+26
     10.504109    -67.370613     25.091991    119.086464    164.592545     85.938400     73.657799     54.262897      5.000000      3.000000  0.333624E+26
     10.510484    -67.279343     25.091991     76.605392    165.232712     85.938400     73.657799     61.031879      1.000000      7.000000  0.214612E+26
     10.516858    -67.188065     25.091991     45.605015    199.207672     85.938400     73.657799     67.401184      1.000000      1.000000  0.127764E+26
     10.523232    -67.096786     25.091991     19.566462    183.509064     85.938400     73.657799     72.970757      9.000000     13.000000  0.548159E+25
     10.529606    -67.005508     25.091991     11.811394    167.121170     85.938400     73.657799     77.740540      3.000000      9.000000  0.330899E+25
     10.535980    -66.914230     25.091991     10.490899    184.728073     85.938400     73.657799     81.110512     15.000000      1.000000  0.293905E+25
     10.542355    -66.822960     25.091991      6.087531    172.860901     85.938400     73.657799     82.680641     15.000000     15.000000  0.170544E+25
     10.548728    -66.731682     25.091991      1.276816    193.895584     85.938400     73.657799     83.650887      3.000000     15.000000  0.357703E+24
     10.555102    -66.640404     25.091991     11.499550    172.183716     85.938400     73.657799     85.221252      5.000000      7.000000  0.322163E+25
     10.561477    -66.549126     25.091991      9.376011    173.530762     85.938400     73.657799     86.791718      1.000000      5.000000  0.262671E+25
     10.567850    -66.457848     25.091991      7.997847    202.720978     85.938400     73.657799     88.762260      3.000000     13.000000  0.224062E+25
     10.574224    -66.366570     25.091991      7.101978    188.080276     85.938400     73.657799     91.732887      9.000000     11.000000  0.198964E+25
     10.389495    -68.830132     29.889982      8.436073    166.834274     85.938400     73.657799     12.093849      7.000000      3.000000  0.236339E+25
     10.395869    -68.738853     29.889982     12.935955    196.387894     85.938400     73.657799      7.985957     11.000000     11.000000  0.362404E+25
     10.402244    -68.647575     29.889982     24.609737    191.299301     85.938400     73.657799      5.450763      9.000000     15.000000  0.689448E+25
     10.408617    -68.556305     29.889982     40.575249    199.075867     85.938400     73.657799      4.171429      1.000000      3.000000  0.113673E+26
     10.414991    -68.465027     29.889982     50.469971    170.772003     85.938400     73.657799      6.450763      5.000000      7.000000  0.141393E+26
     10.421366    -68.373749     29.889982     49.646690    189.885574     85.938400     73.657799     10.185957     15.000000      5.000000  0.139086E+26
     10.427739    -68.282471     29.889982     30.783764    203.212524     85.938400     73.657799     13.493849      3.000000      3.000000  0.862415E+25
     10.434114    -68.191193     29.889982     44.713089    192.625107     85.938400     73.657799     16.925377      3.000000      1.000000  0.125265E+26
     10.440488    -68.099922     29.889982     50.866081    181.342773     85.938400     73.657799     19.410786      1.000000      7.000000  0.142503E+26
     10.446862    -68.008644     29.889982     83.863358    202.222031     85.938400     73.657799     22.324152      7.000000      1.000000  0.234945E+26
     10.453236    -67.917366     29.889982     85.163300    202.052246     85.938400     73.657799     25.453814      3.000000      3.000000  0.238587E+26
     10.459610    -67.826088     29.889982     76.178314    204.070892     85.938400     73.657799     28.793777      1.000000      5.000000  0.213415E+26
     10.465984    -67.734810     29.889982     76.315849    179.596146     85.938400     73.657799     32.740662      1.000000     13.000000  0.213801E+26
     10.472359    -67.643532     29.889982     64.029427    167.478867     85.938400     73.657799     37.092415      7.000000      3.000000  0.179380E+26
     10.478732    -67.552261     29.889982     82.333328    165.224747     85.938400     73.657799     42.847721      1.000000      3.000000  0.230659E+26
     10.485106    -67.460983     29.889982     77.980293    166.842712     85.938400     73.657799     48.805695     11.000000      5.000000  0.218464E+26
     10.491481    -67.369705     29.889982     76.752357    167.294189     85.938400     73.657799     55.165733      3.000000      1.000000  0.215024E+26
     10.497854    -67.278427     29.889982     27.203808    175.325607     85.938400     73.657799     62.727386     15.000000      9.000000  0.762121E+25
     10.504229    -67.187149     29.889982      9.451801    167.468369     85.938400     73.657799     69.490349     13.000000     15.000000  0.264795E+25
     10.510603    -67.095879     29.889982      5.005933    174.323227     85.938400     73.657799     75.454361     11.000000     13.000000  0.140242E+25
     10.516977    -67.004601     29.889982      5.134458    180.901016     85.938400     73.657799     79.619240      3.000000      3.000000  0.143843E+25
     10.523351    -66.913322     29.889982     13.122102    197.448547     85.938400     73.657799     82.384842     13.000000      3.000000  0.367619E+25
     10.529725    -66.822044     29.889982      1.020974    175.808533     85.938400     73.657799     83.551064      7.000000     11.000000  0.286028E+24
     10.536099    -66.730766     29.889982      2.585370    174.275223     85.938400     73.657799     84.717796      3.000000      9.000000  0.724298E+24
     10.542474    -66.639488     29.889982     17.547926    190.492645     85.938400     73.657799     85.684982      7.000000      3.000000  0.491610E+25
     10.548847    -66.548218     29.889982     15.361506    180.785995     85.938400     73.657799     87.852554     11.000000      1.000000  0.430356E+25
     10.555222    -66.456940     29.889982      4.959714    167.607300     85.938400     73.657799     90.220459      1.000000      7.000000  0.138948E+25
     10.561596    -66.365662     29.889982      9.708446    169.611252     85.938400     73.657799     92.988655      9.000000      5.000000  0.271985E+25
