 #Total number of fault_segments=           1
#Fault_segment =   1 nx(Along-strike)= 28 Dx = 10.00km ny(downdip)=   6 Dy =  5.00km
#Boundary of Fault_segment    1. EQ in cell ( 4, 4). Lon:  -68.5277   Lat:   10.4360
 #Lon.  Lat.  Depth
  -68.8346939       10.4526396       5.90002537    
  -68.8301315       10.3894949       29.8899822    
  -66.3048096       10.5658455       29.8899822    
  -66.3093719       10.6289902       5.90002537    
  -68.8346939       10.4526396       5.90002537    
 #Lat. Lon. depth slip rake strike dip t_rup t_ris t_fal mo
     10.452640    -68.834694      5.900025      3.645397    196.491302     85.938400     73.657799     14.378935     15.000000     13.000000  0.642424E+24
     10.459014    -68.743416      5.900025      4.004651    180.845673     85.938400     73.657799     11.328571     13.000000      5.000000  0.705735E+24
     10.465388    -68.652138      5.900025      6.802822    169.210541     85.938400     73.657799      8.838484      9.000000      1.000000  0.119885E+25
     10.471763    -68.560860      5.900025     13.258084    171.294815     85.938400     73.657799      7.557143      1.000000      7.000000  0.233646E+25
     10.478136    -68.469582      5.900025     27.638525    203.933075     85.938400     73.657799      8.038485      1.000000      5.000000  0.487070E+25
     10.484510    -68.378311      5.900025     21.572294    188.216187     85.938400     73.657799     11.128572      7.000000     15.000000  0.380166E+25
     10.490885    -68.287033      5.900025     23.584463    192.048248     85.938400     73.657799     14.778935      3.000000      1.000000  0.415626E+25
     10.497259    -68.195755      5.900025     26.123798    191.607590     85.938400     73.657799     18.857149     15.000000      5.000000  0.460377E+25
     10.503633    -68.104477      5.900025     31.119715    170.848969     85.938400     73.657799     22.043404      9.000000      9.000000  0.548419E+25
     10.510007    -68.013199      5.900025     66.300652    185.468552     85.938400     73.657799     24.488066      5.000000     11.000000  0.116841E+26
     10.516381    -67.921921      5.900025     96.362015    178.049469     85.938400     73.657799     26.367537      3.000000      1.000000  0.169818E+26
     10.522755    -67.830650      5.900025    126.887993    182.839096     85.938400     73.657799     29.069323      7.000000      3.000000  0.223613E+26
     10.529129    -67.739372      5.900025    179.390259    189.796677     85.938400     73.657799     32.586227      5.000000      5.000000  0.316137E+26
     10.535503    -67.648094      5.900025    188.457642    183.918610     85.938400     73.657799     36.513840      1.000000      3.000000  0.332117E+26
     10.541878    -67.556816      5.900025    158.307236    169.227173     85.938400     73.657799     41.049294      1.000000      1.000000  0.278983E+26
     10.548251    -67.465538      5.900025    121.241684    167.334854     85.938400     73.657799     45.190666      1.000000      7.000000  0.213663E+26
     10.554626    -67.374268      5.900025    101.304825    194.811356     85.938400     73.657799     48.336613      7.000000      3.000000  0.178528E+26
     10.561000    -67.282990      5.900025    113.894287    203.337616     85.938400     73.657799     50.686172      3.000000      1.000000  0.200715E+26
     10.567374    -67.191711      5.900025    101.383194    201.822067     85.938400     73.657799     53.838619      1.000000      1.000000  0.178666E+26
     10.573748    -67.100433      5.900025     54.776810    181.400742     85.938400     73.657799     58.793427      5.000000      3.000000  0.965325E+25
     10.580122    -67.009155      5.900025     41.669174    179.237000     85.938400     73.657799     64.150169      1.000000      9.000000  0.734331E+25
     10.586496    -66.917877      5.900025     32.379383    196.550934     85.938400     73.657799     70.308548      1.000000      3.000000  0.570618E+25
     10.592870    -66.826607      5.900025      1.734790    169.166046     85.938400     73.657799     77.068283     11.000000     15.000000  0.305720E+24
     10.599244    -66.735329      5.900025      2.879389    194.145538     85.938400     73.657799     84.029182     13.000000     15.000000  0.507431E+24
     10.605618    -66.644051      5.900025      4.943199    189.251526     85.938400     73.657799     90.591087     11.000000      3.000000  0.871134E+24
     10.611993    -66.552773      5.900025      8.609524    188.376038     85.938400     73.657799     95.953842      3.000000      5.000000  0.151725E+25
     10.618366    -66.461494      5.900025     13.995361    178.252045     85.938400     73.657799    100.717361     15.000000     13.000000  0.246639E+25
     10.624741    -66.370224      5.900025     10.236926    164.701263     85.938400     73.657799    104.281532     15.000000      9.000000  0.180404E+25
     10.440011    -68.833778     10.698017      0.943891    169.002075     85.938400     73.657799     13.693850      9.000000     13.000000  0.166341E+24
     10.446385    -68.742500     10.698017      0.043258    179.832916     85.938400     73.657799      9.785957      3.000000     11.000000  0.762328E+22
     10.452759    -68.651222     10.698017     13.233873    168.324310     85.938400     73.657799      7.050763      1.000000      9.000000  0.233219E+25
     10.459133    -68.559952     10.698017     36.782368    201.552719     85.938400     73.657799      5.171429      3.000000      1.000000  0.648211E+25
     10.465508    -68.468674     10.698017     45.806549    201.222183     85.938400     73.657799      6.250763      5.000000      3.000000  0.807243E+25
     10.471882    -68.377396     10.698017     49.453571    198.629288     85.938400     73.657799      9.985957     11.000000      1.000000  0.871514E+25
     10.478255    -68.286118     10.698017     64.656097    196.714264     85.938400     73.657799     14.293849      1.000000      1.000000  0.113943E+26
     10.484630    -68.194839     10.698017     55.254070    200.099167     85.938400     73.657799     18.325377     15.000000      9.000000  0.973736E+25
     10.491004    -68.103569     10.698017     53.227760    167.453964     85.938400     73.657799     21.210785      5.000000     15.000000  0.938026E+25
     10.497378    -68.012291     10.698017     72.667137    181.356949     85.938400     73.657799     23.724152     11.000000      1.000000  0.128060E+26
     10.503752    -67.921013     10.698017    135.561432    175.986343     85.938400     73.657799     26.053812      3.000000      1.000000  0.238898E+26
     10.510126    -67.829735     10.698017    217.966003    174.918671     85.938400     73.657799     28.793777      5.000000      7.000000  0.384119E+26
     10.516500    -67.738457     10.698017    269.977386    184.905853     85.938400     73.657799     32.140659      1.000000      9.000000  0.475778E+26
     10.522874    -67.647179     10.698017    256.780365    187.019836     85.938400     73.657799     36.092415     11.000000      1.000000  0.452521E+26
     10.529248    -67.555908     10.698017    216.862762    177.310181     85.938400     73.657799     40.647720      1.000000      7.000000  0.382175E+26
     10.535623    -67.464630     10.698017    192.981796    167.055344     85.938400     73.657799     44.805695      7.000000      1.000000  0.340090E+26
     10.541997    -67.373352     10.698017    152.122513    183.034409     85.938400     73.657799     48.765732      3.000000      3.000000  0.268084E+26
     10.548370    -67.282074     10.698017    158.736328    202.280411     85.938400     73.657799     51.327389      1.000000      3.000000  0.279739E+26
     10.554745    -67.190796     10.698017    134.701538    201.488708     85.938400     73.657799     53.690346      1.000000      1.000000  0.237383E+26
     10.561119    -67.099525     10.698017     90.043488    165.288666     85.938400     73.657799     58.454357      5.000000      3.000000  0.158683E+26
     10.567493    -67.008247     10.698017     88.523361    164.714264     85.938400     73.657799     64.019234      1.000000      1.000000  0.156004E+26
     10.573867    -66.916969     10.698017     41.009605    190.056015     85.938400     73.657799     69.984840      7.000000     15.000000  0.722707E+25
     10.580241    -66.825691     10.698017     11.296590    185.457321     85.938400     73.657799     76.551064     11.000000      1.000000  0.199078E+25
     10.586616    -66.734413     10.698017      0.127216    200.348114     85.938400     73.657799     83.117798      1.000000     11.000000  0.224190E+23
     10.592989    -66.643135     10.698017      7.260702    189.218445     85.938400     73.657799     89.084984     11.000000      7.000000  0.127954E+25
     10.599363    -66.551865     10.698017     10.146596    175.848312     85.938400     73.657799     94.652557      9.000000      9.000000  0.178812E+25
     10.605738    -66.460587     10.698017     23.308056    189.187653     85.938400     73.657799     99.220459     15.000000      5.000000  0.410755E+25
     10.612112    -66.369308     10.698017     17.881542    171.789230     85.938400     73.657799    102.988663      3.000000     11.000000  0.315124E+25
     10.427382    -68.832870     15.496009     15.026672    170.513550     85.938400     73.657799     12.462076      1.000000      1.000000  0.324093E+25
     10.433756    -68.741592     15.496009      0.223197    201.472992     85.938400     73.657799      8.562689     11.000000      9.000000  0.481388E+23
     10.440130    -68.650314     15.496009     31.656685    185.995331     85.938400     73.657799      4.992979      1.000000      9.000000  0.682767E+25
     10.446505    -68.559036     15.496009     68.225914    196.811615     85.938400     73.657799      2.585714     11.000000      9.000000  0.147149E+26
     10.452878    -68.467758     15.496009     84.348938    189.113708     85.938400     73.657799      5.592978      1.000000      9.000000  0.181923E+26
     10.459252    -68.376488     15.496009     97.082115    195.186890     85.938400     73.657799      9.762689      9.000000     15.000000  0.209385E+26
     10.465627    -68.285210     15.496009    106.496208    181.903519     85.938400     73.657799     13.662076      3.000000     11.000000  0.229690E+26
     10.472001    -68.193932     15.496009     79.458786    170.587448     85.938400     73.657799     17.396889      7.000000      3.000000  0.171376E+26
     10.478374    -68.102654     15.496009     61.205109    168.830994     85.938400     73.657799     20.346207     15.000000     15.000000  0.132006E+26
     10.484749    -68.011375     15.496009     79.268806    176.802628     85.938400     73.657799     22.502848      5.000000      3.000000  0.170966E+26
     10.491123    -67.920097     15.496009    142.086182    175.250168     85.938400     73.657799     25.263695      1.000000      5.000000  0.306449E+26
     10.497498    -67.828827     15.496009    218.949310    167.238678     85.938400     73.657799     28.627178      1.000000      3.000000  0.472227E+26
     10.503871    -67.737549     15.496009    275.455017    176.266159     85.938400     73.657799     32.192421      9.000000      9.000000  0.594097E+26
     10.510245    -67.646271     15.496009    269.882629    182.880844     85.938400     73.657799     35.958900      3.000000      3.000000  0.582079E+26
     10.516620    -67.554993     15.496009    223.316574    179.022339     85.938400     73.657799     40.326279      1.000000      5.000000  0.481646E+26
     10.522993    -67.463715     15.496009    171.473190    169.760513     85.938400     73.657799     44.894329      1.000000      5.000000  0.369831E+26
     10.529367    -67.372444     15.496009    142.153687    189.438049     85.938400     73.657799     49.262897      3.000000      5.000000  0.306595E+26
     10.535742    -67.281166     15.496009    155.866791    192.952011     85.938400     73.657799     52.231880      1.000000      3.000000  0.336171E+26
     10.542116    -67.189888     15.496009    127.820930    180.798080     85.938400     73.657799     54.601181      5.000000     15.000000  0.275682E+26
     10.548490    -67.098610     15.496009    133.226379    166.927948     85.938400     73.657799     58.570755      5.000000      5.000000  0.287341E+26
     10.554864    -67.007332     15.496009    131.261581    165.351791     85.938400     73.657799     63.540539      1.000000      1.000000  0.283103E+26
     10.561238    -66.916054     15.496009     70.084343    165.955887     85.938400     73.657799     69.110512      7.000000      3.000000  0.151157E+26
     10.567612    -66.824783     15.496009     23.300253    171.571899     85.938400     73.657799     75.480637      3.000000     15.000000  0.502537E+25
     10.573986    -66.733505     15.496009      5.090957    176.103516     85.938400     73.657799     82.050888     13.000000      7.000000  0.109801E+25
     10.580360    -66.642227     15.496009      0.324094    199.087082     85.938400     73.657799     87.621254      7.000000      3.000000  0.699001E+23
     10.586735    -66.550949     15.496009      0.418278    193.262787     85.938400     73.657799     92.791718      3.000000      1.000000  0.902135E+23
     10.593108    -66.459671     15.496009     15.720066    187.311188     85.938400     73.657799     96.962265     11.000000     13.000000  0.339048E+25
     10.599483    -66.368393     15.496009     15.023561    204.086685     85.938400     73.657799    100.732887     11.000000      5.000000  0.324026E+25
     10.414753    -68.831955     20.294001     18.597628    176.477631     85.938400     73.657799     11.914286      7.000000      7.000000  0.401111E+25
     10.421127    -68.740677     20.294001     12.706682    164.981476     85.938400     73.657799      7.542857     11.000000     15.000000  0.274056E+25
     10.427502    -68.649399     20.294001     44.040401    197.615707     85.938400     73.657799      3.571429      1.000000      1.000000  0.949857E+25
     10.433875    -68.558128     20.294001     90.317276    198.016006     85.938400     73.657799      0.000000      1.000000      1.000000  0.194795E+26
     10.440249    -68.466850     20.294001    107.485435    175.389053     85.938400     73.657799      4.971428     13.000000      3.000000  0.231823E+26
     10.446624    -68.375572     20.294001    121.697449    174.234436     85.938400     73.657799      9.942857      9.000000      1.000000  0.262475E+26
     10.452997    -68.284294     20.294001    126.504021    173.192642     85.938400     73.657799     14.314286      5.000000      1.000000  0.272842E+26
     10.459372    -68.193016     20.294001    100.928978    167.915237     85.938400     73.657799     17.485714      5.000000      5.000000  0.217682E+26
     10.465746    -68.101746     20.294001     72.830849    185.954147     85.938400     73.657799     20.057144      9.000000      1.000000  0.157081E+26
     10.472120    -68.010468     20.294001     93.537781    203.919983     85.938400     73.657799     22.628572      9.000000      5.000000  0.201741E+26
     10.478494    -67.919189     20.294001    121.699295    185.060562     85.938400     73.657799     25.000000      1.000000      1.000000  0.262479E+26
     10.484868    -67.827911     20.294001    190.036942    165.193466     85.938400     73.657799     28.571428      1.000000      3.000000  0.409869E+26
     10.491242    -67.736633     20.294001    232.812744    171.830521     85.938400     73.657799     32.542858      5.000000      1.000000  0.502127E+26
     10.497616    -67.645355     20.294001    222.334030    179.353073     85.938400     73.657799     36.514286      1.000000      5.000000  0.479527E+26
     10.503990    -67.554085     20.294001    164.680115    167.770660     85.938400     73.657799     40.685715      3.000000     13.000000  0.355180E+26
     10.510365    -67.462807     20.294001    120.921333    165.458374     85.938400     73.657799     45.857143     15.000000      5.000000  0.260801E+26
     10.516739    -67.371529     20.294001     98.616592    183.817886     85.938400     73.657799     49.828571     13.000000      5.000000  0.212695E+26
     10.523112    -67.280251     20.294001    123.854378    177.625778     85.938400     73.657799     52.400002      9.000000      7.000000  0.267127E+26
     10.529487    -67.188972     20.294001    143.589355    164.732513     85.938400     73.657799     55.171429      7.000000      5.000000  0.309692E+26
     10.535861    -67.097702     20.294001    146.448334    164.863647     85.938400     73.657799     58.142857      3.000000      5.000000  0.315858E+26
     10.542235    -67.006424     20.294001    134.243362    166.306091     85.938400     73.657799     62.714287      1.000000      1.000000  0.289534E+26
     10.548609    -66.915146     20.294001     79.422211    164.899368     85.938400     73.657799     68.085716     15.000000      5.000000  0.171297E+26
     10.554983    -66.823868     20.294001     45.206455    170.357681     85.938400     73.657799     74.057137      3.000000      1.000000  0.975006E+25
     10.561357    -66.732590     20.294001      7.433042    170.511551     85.938400     73.657799     80.028572      5.000000      9.000000  0.160315E+25
     10.567731    -66.641312     20.294001     12.852798    165.057739     85.938400     73.657799     85.199997      5.000000      9.000000  0.277207E+25
     10.574105    -66.550041     20.294001      1.133168    203.655533     85.938400     73.657799     89.971428      1.000000     15.000000  0.244400E+24
     10.580480    -66.458763     20.294001      4.271100    174.882248     85.938400     73.657799     94.742859     15.000000     11.000000  0.921185E+24
     10.586854    -66.367485     20.294001      5.023768    183.219315     85.938400     73.657799     98.314285     13.000000      9.000000  0.108352E+25
     10.402124    -68.831047     25.091991     16.479679    187.987701     85.938400     73.657799     11.462076      5.000000      1.000000  0.461682E+25
     10.408498    -68.739769     25.091991     30.779810    169.792938     85.938400     73.657799      7.562688      1.000000     15.000000  0.862304E+25
     10.414872    -68.648491     25.091991     33.319561    190.353760     85.938400     73.657799      4.192978      9.000000      5.000000  0.933456E+25
     10.421247    -68.557213     25.091991     74.830887    202.594864     85.938400     73.657799      1.985714      1.000000      7.000000  0.209641E+26
     10.427620    -68.465935     25.091991     87.155731    176.222565     85.938400     73.657799      5.592978      9.000000      9.000000  0.244169E+26
     10.433994    -68.374657     25.091991    116.208717    174.961868     85.938400     73.657799     10.962688     13.000000      9.000000  0.325562E+26
     10.440369    -68.283386     25.091991    122.498604    189.278442     85.938400     73.657799     15.462076     13.000000      3.000000  0.343183E+26
     10.446743    -68.192108     25.091991    113.687698    177.715195     85.938400     73.657799     18.196888      3.000000      5.000000  0.318499E+26
     10.453116    -68.100830     25.091991     66.607765    180.295105     85.938400     73.657799     20.346207      3.000000      1.000000  0.186603E+26
     10.459491    -68.009552     25.091991     82.840721    201.065857     85.938400     73.657799     22.702848      3.000000     11.000000  0.232080E+26
     10.465865    -67.918274     25.091991    107.061752    190.191727     85.938400     73.657799     25.063694      9.000000      3.000000  0.299936E+26
     10.472239    -67.827003     25.091991    154.619736    173.869797     85.938400     73.657799     28.827179      7.000000      5.000000  0.433171E+26
     10.478613    -67.735725     25.091991    162.773712    172.248322     85.938400     73.657799     32.592422      5.000000      7.000000  0.456015E+26
     10.484987    -67.644447     25.091991    163.489899    180.556244     85.938400     73.657799     36.358898      3.000000      7.000000  0.458021E+26
     10.491362    -67.553169     25.091991    120.687454    165.440567     85.938400     73.657799     41.126278      3.000000      1.000000  0.338109E+26
     10.497735    -67.461891     25.091991     74.396545    165.184799     85.938400     73.657799     45.894329      1.000000      1.000000  0.208424E+26
     10.504109    -67.370613     25.091991     56.514969    173.620224     85.938400     73.657799     49.862900      7.000000      1.000000  0.158328E+26
     10.510484    -67.279343     25.091991     82.502243    172.531158     85.938400     73.657799     52.631878      3.000000     13.000000  0.231132E+26
     10.516858    -67.188065     25.091991    114.847115    164.654404     85.938400     73.657799     55.401180      3.000000      3.000000  0.321747E+26
     10.523232    -67.096786     25.091991    128.648453    164.692657     85.938400     73.657799     58.170753      1.000000      1.000000  0.360412E+26
     10.529606    -67.005508     25.091991     94.416000    165.083084     85.938400     73.657799     62.140541      1.000000      1.000000  0.264509E+26
     10.535980    -66.914230     25.091991     44.500755    169.060562     85.938400     73.657799     67.310509     13.000000      1.000000  0.124670E+26
     10.542355    -66.822960     25.091991     26.028738    166.371246     85.938400     73.657799     72.880638      5.000000      1.000000  0.729201E+25
     10.548728    -66.731682     25.091991      6.875358    175.879898     85.938400     73.657799     78.450890      5.000000     13.000000  0.192615E+25
     10.555102    -66.640404     25.091991      4.939131    181.884979     85.938400     73.657799     83.221252     13.000000      1.000000  0.138371E+25
     10.561477    -66.549126     25.091991     15.973755    190.343887     85.938400     73.657799     87.791718     13.000000     15.000000  0.447509E+25
     10.567850    -66.457848     25.091991     13.218206    185.957031     85.938400     73.657799     92.362259      3.000000     11.000000  0.370311E+25
     10.574224    -66.366570     25.091991     12.839485    165.159515     85.938400     73.657799     96.332886      7.000000      5.000000  0.359701E+25
     10.389495    -68.830132     29.889982     23.539042    181.054291     85.938400     73.657799     11.693849      9.000000      7.000000  0.659452E+25
     10.395869    -68.738853     29.889982     36.557728    166.328491     85.938400     73.657799      8.185957      1.000000     11.000000  0.102417E+26
     10.402244    -68.647575     29.889982     26.872831    166.860504     85.938400     73.657799      5.850763      5.000000      7.000000  0.752849E+25
     10.408617    -68.556305     29.889982     52.933399    188.270981     85.938400     73.657799      4.571428     11.000000     15.000000  0.148294E+26
     10.414991    -68.465027     29.889982     78.570686    172.928894     85.938400     73.657799      7.450763      3.000000     11.000000  0.220118E+26
     10.421366    -68.373749     29.889982     77.544914    174.860901     85.938400     73.657799     12.385958      5.000000      5.000000  0.217244E+26
     10.427739    -68.282471     29.889982     89.929382    200.385986     85.938400     73.657799     16.493849      1.000000      1.000000  0.251939E+26
     10.434114    -68.191193     29.889982     71.825905    181.250931     85.938400     73.657799     19.125378      3.000000      1.000000  0.201222E+26
     10.440488    -68.099922     29.889982     31.396833    201.352707     85.938400     73.657799     20.810785      3.000000      1.000000  0.879590E+25
     10.446862    -68.008644     29.889982     36.476486    191.904648     85.938400     73.657799     23.524151      1.000000     15.000000  0.102190E+26
     10.453236    -67.917366     29.889982     61.876522    192.068253     85.938400     73.657799     26.053812      5.000000      1.000000  0.173349E+26
     10.459610    -67.826088     29.889982     78.005775    171.615372     85.938400     73.657799     29.193777      3.000000      7.000000  0.218535E+26
     10.465984    -67.734810     29.889982     80.769714    168.598526     85.938400     73.657799     32.540661      5.000000      3.000000  0.226278E+26
     10.472359    -67.643532     29.889982     93.015778    178.582916     85.938400     73.657799     36.892414      9.000000      1.000000  0.260586E+26
     10.478732    -67.552261     29.889982     65.409203    168.122406     85.938400     73.657799     41.847721      3.000000      1.000000  0.183245E+26
     10.485106    -67.460983     29.889982     34.767349    196.207840     85.938400     73.657799     46.005695      1.000000      1.000000  0.974016E+25
     10.491481    -67.369705     29.889982     27.950844    180.933121     85.938400     73.657799     49.565731     15.000000      1.000000  0.783050E+25
     10.497854    -67.278427     29.889982     56.995434    198.357056     85.938400     73.657799     52.927387      3.000000      1.000000  0.159674E+26
     10.504229    -67.187149     29.889982     56.667511    168.583679     85.938400     73.657799     55.690346      1.000000      3.000000  0.158755E+26
     10.510603    -67.095879     29.889982     71.748589    164.913254     85.938400     73.657799     58.454357      1.000000      1.000000  0.201005E+26
     10.516977    -67.004601     29.889982     52.237606    174.817627     85.938400     73.657799     62.219238      1.000000     15.000000  0.146345E+26
     10.523351    -66.913322     29.889982     31.514875    181.522980     85.938400     73.657799     66.784843     15.000000      5.000000  0.882897E+25
     10.529725    -66.822044     29.889982      6.170502    165.246582     85.938400     73.657799     71.951065     11.000000      5.000000  0.172868E+25
     10.536099    -66.730766     29.889982      7.246298    173.512085     85.938400     73.657799     77.317802      5.000000     13.000000  0.203007E+25
     10.542474    -66.639488     29.889982      0.770292    167.464981     85.938400     73.657799     82.284981      3.000000     15.000000  0.215799E+24
     10.548847    -66.548218     29.889982     16.917858    165.769852     85.938400     73.657799     86.852554     11.000000      7.000000  0.473958E+25
     10.555222    -66.456940     29.889982     16.924349    197.402603     85.938400     73.657799     91.620461     13.000000     15.000000  0.474140E+25
     10.561596    -66.365662     29.889982     13.464130    185.672455     85.938400     73.657799     95.588661      7.000000      7.000000  0.377201E+25
